
strategic_region={
	id=11
	name="STRATEGICREGION_11"
	provinces={
		1903 1941 1946 1988 2003 2020 2025 2031 2032 2124 2128 2129 2160 2209 2237 2260 2266 2338 2353 2354 2355 2356 2357 2358 2359 2360 2417 2426 2427 2453 2479 2490 2500 2504 2519 2520 2524 2535 2550 2571 2579 2605 2606 2628 2629 2657 2662 2676 2691 2700 2719 2720 2721 2722 2727 2742 2743 2748 2761 2784 2788 2790 2791 2798 2813 2825 2826 2840 2850 2855 2856 2860 2865 2866 2890 2894 2903 2907 2918 2919 2920 2938 2963 2967 2968 2969 2970 2971 2990 2991 2996 3001 3008 3010 3021 3027 3034 3039 3052 3056 3066 3071 3085 3102 3124 3127 3128 3136 3151 3157 3171 3172 3195 
	}
	weather={
	}
}
