
strategic_region={
	id=98
	name="STRATEGICREGION_98"
	provinces={
		2079 2206 2343 2404 2409 2410 2415 2434 2444 2452 2461 2473 2486 2498 2499 2503 2508 2534 2542 2546 2565 2570 2584 2598 2625 2626 2627 2637 2653 2661 2695 2699 2726 2734 2745 2750 2754 2775 2789 2807 2811 2854 2859 2882 2885 2904 2905 2906 2913 2923 2928 2933 2934 2939 2940 2943 2945 2946 2950 2952 2953 2956 2957 2960 2961 2962 2965 2966 2985 2989 2995 3002 3004 3005 3006 3007 3009 3017 3018 3020 3026 3029 3030 3032 3033 3036 3042 3046 3051 3055 3059 3061 3062 3069 3075 3078 3079 3080 3082 3084 3086 3088 3089 3093 3100 3107 3108 3110 3114 3116 3117 3118 3119 3131 3132 3134 3140 3146 3149 3152 3158 3159 3160 3162 3163 3168 3170 3174 3178 3180 3184 3193 3201 3212 3215 3219 3222 3223 3225 3236 3253 3255 3279 3280 3281 3292 3297 3334 3335 3339 3344 3352 3359 3391 3394 3399 3402 3404 
	}
	weather={
	}
}
