
state={
	id=456
	name="STATE_456"
	provinces={
		2882 2885 2904 2905 2906 2913 2923 2933 2934 2939 2940 2945 2946 2950 2952 2953 2960 2961 2962 2965 2966 2985 2989 2995 3002 3004 3005 3006 3007 3009 3017 3018 3020 3026 3029 3030 3032 3033 3042 3051 3055 3059 3061 3062 3069 3078 3080 3082 3084 3086 3088 3089 3093 3100 3108 3110 3114 3117 3118 3119 3131 3132 3134 3140 3146 3149 3158 3159 3160 3162 3163 3168 3170 3174 3180 3184 3201 3212 3215 3225 3236 
	}
	manpower=10
	buildings_max_level_factor=1.000
	state_category=wasteland
}
