
state={
	id=554
	name="STATE_554"
	provinces={
		416 453 4419 4420 4422 4423 4425 4426 4427 4429 4430 4432 4433 4435 4436 4438 4439 4442 4443 4444 4445 4446 4447 4449 4450 4451 4452 4456 4457 4458 4460 4461 4462 4464 4465 4468 4469 4470 4472 4474 4475 4477 4478 4481 4483 4485 4486 4487 4490 4491 4492 4493 4494 4495 4496 4497 4498 4499 4500 
	}
	manpower=0
	buildings_max_level_factor=1.000
	state_category=metropolis
	history = {
		owner = MDC
		add_core_of = MJA
		add_core_of = MEX
		add_core_of = MDC
	}
}
