
strategic_region={
	id=1
	name="STRATEGICREGION_1"
	provinces={
		2233 2269 2270 2271 2278 2296 2297 2304 2314 2315 2316 2317 2324 2368 2369 2377 2384 2394 2402 2407 3435 3436 3437 3438 3439 3440 3441 3442 3443 3479 3480 3482 3484 3485 3486 3487 3488 3489 3490 3491 3492 3495 3497 3498 3499 3500 3501 3502 3503 3504 3505 3506 3507 3508 3509 3510 3511 3512 3513 3514 3515 3516 3518 3519 3520 3521 3522 3523 3524 3525 3526 3527 3529 3531 5697 5699 5700 5701 5702 5703 5704 5705 5706 5707 5708 5709 5710 5711 5715 5718 5719 5720 5721 5722 5724 5725 5727 5728 5729 5730 5732 5733 5759 
	}
	weather={
	}
}
