
strategic_region={
	id=101
	name="STRATEGICREGION_101"
	provinces={
		58 59 60 61 62 63 64 65 66 67 78 107 108 109 110 117 124 132 134 136 183 212 216 218 223 225 237 239 259 270 271 272 285 291 299 305 310 320 321 339 350 375 386 387 398 445 464 468 485 511 512 538 583 621 665 670 681 687 714 747 768 814 877 894 907 911 973 974 1029 1075 1100 1118 1155 1162 1163 1175 1199 1223 1268 1293 1347 1362 1402 1434 1477 1484 1493 1525 1616 1649 1650 1763 1826 1877 1886 1895 1944 1945 1971 2142 5494 5495 5496 
	}
	naval_terrain=water_deep_ocean
	weather={
	}
}
