
strategic_region={
	id=103
	name="STRATEGICREGION_103"
	provinces={
		1 2 3 4 87 89 94 147 151 176 189 211 219 247 255 266 279 311 314 317 333 341 344 346 359 373 378 414 415 427 431 442 448 481 494 503 526 530 545 560 567 575 576 611 628 649 677 679 682 713 719 740 774 801 806 813 838 873 899 914 917 941 945 961 978 983 984 1015 1063 1080 1087 1088 1102 1108 1116 1184 1190 1191 1201 1236 1274 1280 1365 1370 1371 1380 1381 1386 1431 1481 1504 1528 1569 1575 1583 1595 1601 1611 1673 1709 1792 1839 1846 1853 1872 1891 1911 1953 1954 2024 2092 2109 2123 2159 2173 2181 2191 2276 2287 2381 2398 2496 2509 2523 2574 2575 2675 2746 2751 2769 
	}
	naval_terrain=water_deep_ocean
	weather={
	}
}
