
strategic_region={
	id=108
	name="STRATEGICREGION_108"
	provinces={
		1859 2677 2678 2679 2688 2700 2722 2736 2755 2762 2792 2805 2808 2826 2833 2836 2840 2881 2895 2896 2915 2920 2921 5028 5029 5030 5768 5769 5770 5771 5772 5773 5774 5775 5776 5777 5778 5779 5780 5781 5782 5783 5784 5785 5786 5787 5788 5789 5790 5791 5792 5793 5794 5795 5797 5798 5799 5801 5802 5803 5804 5806 5844 6250 6265 6502 6503 6506 6509 6510 6511 7452 7453 7454 7455 7456 7457 7458 7459 7460 7461 7669 7671 7677 
	}
	weather={
	}
}
