
strategic_region={
	id=112
	name="STRATEGICREGION_112"
	provinces={
		518 519 529 566 571 594 610 637 674 703 752 782 829 857 1001 1349 1388 1389 1427 1450 1461 1497 1498 1509 1542 1555 1561 1580 1588 1745 1746 1747 1748 1749 1821 1829 1833 1850 1854 1855 1897 1913 1935 1958 1973 2012 2028 2069 2075 2085 2100 2224 2225 2226 2227 2275 2312 2319 2320 2347 2388 3686 3687 4188 4189 4190 4191 4192 4193 4194 4195 4196 4197 4198 4199 4200 4557 4577 4882 4883 4885 4886 4887 4977 4978 5661 5662 5663 5664 5665 5666 5667 5668 5757 5843 6214 6215 6217 6218 7430 7431 7432 7462 7463 7464 7465 7476 7686 7687 8004 8005 8006 8008 8011 
	}
	weather={
	}
}
