
strategic_region={
	id=113
	name="STRATEGICREGION_113"
	provinces={
		68 69 85 172 257 437 447 506 666 671 697 728 781 823 852 863 898 906 932 948 951 1180 1226 1250 1258 1272 1314 1678 1720 1903 1941 1946 1988 2003 2019 2020 2025 2031 2032 2043 2107 2124 2128 2129 2160 2163 2180 2209 2222 2236 2237 2260 2266 2286 2336 2338 2353 2354 2355 2380 2426 2434 2453 2519 2598 2934 2966 3006 3018 6363 6364 6366 6367 6369 6370 6371 6372 6373 6374 6375 6376 6377 6378 6379 6380 6381 6382 6383 6384 6385 6386 6387 6388 6389 6390 6391 6392 6393 6394 6395 
	}
	weather={
	}
}
