
strategic_region={
	id=114
	name="STRATEGICREGION_114"
	provinces={
		1037 1066 2486 2503 2508 2893 3079 3107 3116 3121 3152 3166 3178 3193 3206 3214 3218 3219 3222 3223 3253 3255 3312 3329 3333 3334 3335 3339 3341 3342 3344 3351 3352 3353 3355 3356 3357 3362 3372 3375 3388 3395 3403 3417 3721 5067 5068 5069 5070 5071 5073 5074 5075 5076 5079 5080 6287 6288 6619 6626 6634 6639 6643 6696 6699 6700 6709 6710 6720 6727 6791 6792 6793 6796 6797 6799 6803 6807 6810 6811 6814 6815 6816 
	}
	weather={
	}
}
