
strategic_region={
	id=117
	name="STRATEGICREGION_117"
	provinces={
		1626 1654 1654 1664 1664 1665 1665 1669 1698 1698 1799 1799 1844 1901 1901 2289 2289 2318 2325 2325 2371 2385 2391 2430 2439 2439 2451 2451 2470 2471 2477 2477 2485 2485 2489 2489 2515 2516 2532 2532 2545 2552 2557 2557 2569 2583 2591 2615 2619 2635 3135 3228 3228 3263 3263 3274 3274 3305 3305 3308 3308 3338 3365 3419 3419 3420 3420 5078 5655 5656 5657 5658 5658 5659 5660 6516 6697 6698 6701 6703 6706 6707 6708 6711 6712 6713 6715 6716 6717 6721 6722 6724 6726 6728 6730 6731 6733 6734 6735 6738 6739 6741 6742 6744 6745 6746 6748 6751 6753 6755 6760 6761 6762 6763 6764 6765 6767 6769 6770 6771 6772 6773 6774 6775 6776 6777 6778 6781 6782 
	}
	weather={
	}
}
