
strategic_region={
	id=12
	name="STRATEGICREGION_12"
	provinces={
		1782 1876 1884 1924 1948 1949 1970 1987 1998 2007 2014 2033 2061 2062 2063 2072 2078 2103 2104 2114 2132 2139 2147 2168 2169 2175 3421 3422 3423 3424 3425 3426 3427 3461 3462 3463 3464 3465 3466 3467 3468 3469 3470 3471 3472 3474 3893 3894 3895 3896 3897 3900 3901 3904 3908 3909 5099 5102 5104 5106 5109 5113 5117 5121 5126 5127 5129 5137 5138 5141 5142 5145 5151 5152 5154 5156 5157 5158 5161 5164 5191 5202 5203 5204 5205 5206 5208 5209 5210 5211 5213 5214 5215 5218 5219 5220 5222 5224 5225 5226 5228 5229 5233 5234 5235 5236 5237 5238 5239 5242 5246 5679 5680 5681 5682 5683 5684 5685 5686 5687 5927 
	}
	weather={
	}
}
