
strategic_region={
	id=128
	name="STRATEGICREGION_128"
	provinces={
		1917 1927 1961 1962 1991 1993 2006 2021 2045 2052 2071 2086 2102 2130 2131 2136 2192 3928 3930 3931 3932 3933 3934 3936 3937 3938 3939 3940 3941 3942 3943 3944 3945 3946 3947 3948 3949 3950 3951 3952 3953 3954 3958 3959 3960 3961 3963 3964 3966 3967 3968 3974 7534 7544 7545 7546 7547 7548 7549 7551 7553 7554 7555 7556 7557 7558 7559 7560 7561 7562 7563 7564 7565 7566 7567 7569 7570 7571 7572 7573 7574 7575 7576 7577 7578 7579 7580 7581 7582 7583 7584 7585 7586 7587 7588 7590 7591 7592 7594 7598 7599 7612 7613 7614 7615 7616 7617 7618 7619 7620 7621 7622 7623 7624 7625 7626 7627 7628 7629 7630 7631 7632 7633 7634 7635 7636 7637 7638 7639 7659 7674 7683 7699 
	}
	weather={
	}
}
