
strategic_region={
	id=129
	name="STRATEGICREGION_129"
	provinces={
		294 326 355 357 360 4078 4079 4080 4082 4083 4085 4086 4087 4088 4098 4099 4103 4104 4106 4109 4110 4119 4201 4202 4203 4204 4205 4206 4207 4208 4210 4212 4215 4217 4218 4219 4220 4221 4223 4224 4225 4227 4229 4230 4233 4234 4235 4236 4237 4239 4242 4244 4245 4246 4247 4251 4252 4253 4254 4255 4259 4260 4262 4263 4267 4268 4269 4273 4275 4278 4279 4281 4285 4286 4312 4313 4315 4317 4320 4321 4324 4326 4327 4332 4340 4343 4347 5669 5670 
	}
	weather={
	}
}
