
strategic_region={
	id=139
	name="STRATEGICREGION_139"
	provinces={
		416 470 532 587 599 633 643 685 708 4456 4457 4461 4472 4474 4481 4483 4485 4486 4490 4491 4492 4493 4495 4496 4497 4498 4499 4524 4525 4526 4527 4528 4530 4532 4533 4534 4537 4540 4542 4646 4647 4648 4649 4705 4706 4707 4712 4715 4717 4718 4720 4721 4722 4724 4725 4726 4727 4729 4730 4731 4732 4733 4734 4735 4736 4737 4738 4739 4740 4741 4742 4743 4744 4745 4746 4747 4748 4749 4750 4751 4752 4753 4754 4755 4756 4758 4759 4761 4762 4763 4765 4789 4790 4791 4792 4793 4794 4795 4796 4797 4798 4799 4800 4801 4802 4803 4804 4805 4806 4807 4808 4811 
	}
	weather={
	}
}
