
strategic_region={
	id=14
	name="STRATEGICREGION_14"
	provinces={
		1587 1604 1624 1628 1660 1670 1671 1674 1675 1676 1677 1680 1707 1723 1730 1777 1787 1788 1807 1914 1956 1982 2001 2010 2035 2041 2073 2080 2084 2105 2121 2134 2189 2251 2339 2350 2364 2365 2366 2367 2376 2406 2414 2420 2421 2422 2443 2449 2465 2469 2472 2484 2493 2494 2544 2548 2561 2599 2600 2601 3517 3528 3530 3532 3533 3536 3538 3540 3543 3544 3645 3646 3694 5717 5731 5742 5758 5760 5761 5762 5763 5764 6219 6220 6222 6223 6227 6236 6239 
	}
	weather={
	}
}
