
strategic_region={
	id=146
	name="STRATEGICREGION_146"
	provinces={
		390 449 450 454 476 492 504 504 523 523 524 524 541 541 555 555 581 581 1374 1374 1379 1452 1480 1500 1545 1545 1563 1605 1605 1607 1625 1625 1767 1767 1776 1776 1832 1863 1888 4081 4081 4084 4084 4089 4089 4092 4094 4100 4100 4113 4123 4123 4125 4129 4131 4148 4152 4152 4169 4169 4183 4291 4291 4292 4292 4293 4297 4297 4299 4299 4311 4311 4328 4328 4335 4335 4411 4411 4449 4449 4458 4458 4487 4487 4500 4500 4514 4514 6445 6445 7505 7506 7507 7508 7509 7510 7511 7512 7513 7514 7515 7516 7517 7518 7519 7520 7521 7522 7523 7524 7525 7526 7527 7528 7529 7530 
	}
	weather={
	}
}
