
strategic_region={
	id=163
	name="STRATEGICREGION_163"
	provinces={
		1800 1838 1845 1930 1931 1979 1980 1981 2000 2017 2034 2048 2049 2050 2108 2122 2179 2207 2391 2397 2430 2470 2471 2515 2545 2591 2619 2807 2906 5657 5659 5660 6515 6851 6854 6855 6856 6857 6858 6859 6860 6861 6862 6863 6864 6865 6867 6868 6869 6870 6871 6872 6873 6874 6875 6876 6877 6878 6879 6880 6881 6882 6883 6884 6885 6886 6887 6888 6889 6962 6964 6965 6966 6967 6972 6974 6975 6976 6977 6978 6979 6980 6981 6982 6983 7048 7055 7057 7058 7059 7060 7061 7062 7063 7064 7065 7066 7067 7068 7069 7070 7071 7072 7073 7074 7075 7076 7077 7078 7079 7080 
	}
	weather={
	}
}
