
strategic_region={
	id=165
	name="STRATEGICREGION_165"
	provinces={
		970 971 975 979 980 1055 1071 1101 1110 1119 1128 1144 1151 1176 1177 1202 1283 1295 1296 1306 1307 1562 1572 1664 1708 1722 2583 2635 3305 6705 6738 6739 6741 6742 6744 6745 6748 6751 6753 6755 6760 6761 6762 6763 6764 6765 6767 6769 6770 6771 6772 6773 6774 6775 6776 6777 6778 6928 6931 6937 6939 6943 6944 6945 6949 6951 6952 6953 6954 6955 6956 6959 6961 7042 7043 7044 7045 7046 7047 7049 7050 7051 7052 7053 7054 7056 7146 7147 7150 7161 7165 7174 
	}
	weather={
	}
}
