
strategic_region={
	id=166
	name="STRATEGICREGION_166"
	provinces={
		78 132 657 658 1334 1335 1698 1871 2371 2385 3135 3228 6516 6746 6800 6801 6805 6806 6812 6817 6821 6826 6833 6847 6849 6850 6852 6853 6890 6891 6892 6893 6894 6895 6896 6897 6898 6899 6900 6901 6902 6903 6904 6905 6906 6907 6908 6909 6910 6911 6912 6913 6914 6915 6916 6917 6918 6919 6920 6921 6997 6998 6999 7000 7001 7002 7003 7004 7005 7006 7007 7008 7009 7010 7011 7012 7013 7014 7015 7016 7017 7018 7019 7020 7021 7022 7023 7024 7025 7026 7027 7028 7029 7030 7031 7032 7033 7034 7035 7036 7037 7038 7039 7040 7041 7119 7131 7138 7139 7140 7142 7143 7152 7154 7156 7162 7169 7170 7171 7172 7176 7177 7178 7179 
	}
	weather={
	}
}
