
strategic_region={
	id=17
	name="STRATEGICREGION_17"
	provinces={
		487 568 601 692 706 722 726 757 760 784 846 883 912 985 986 1115 1178 1227 1409 1473 1517 1546 1552 1570 1608 1640 1643 1663 1718 1725 1739 1759 1772 1779 1791 1793 1794 1809 1848 1858 1874 1875 1892 1915 1940 2498 2499 2542 2546 4484 6191 6197 6200 6328 6329 6330 6331 6332 6333 6334 6335 6336 6337 6338 6339 6340 6341 6342 6343 6344 6345 6346 6347 6348 6349 6350 6351 6352 6353 6354 6355 6356 6357 6359 6360 6361 6362 7532 
	}
	weather={
	}
}
