
strategic_region={
	id=19
	name="STRATEGICREGION_19"
	provinces={
		604 622 642 646 648 662 667 672 673 675 678 689 690 694 698 699 711 799 817 830 832 833 856 861 882 895 904 908 916 930 931 939 954 958 959 960 967 968 981 982 988 992 993 1007 1014 1025 1043 1047 1152 1156 1157 1158 1170 1171 1172 1213 1287 1298 1309 1310 1316 1439 1453 1511 1613 1644 3225 3236 4562 4564 4579 4598 4599 4600 4687 4688 4689 4690 4690 4858 4902 4941 4942 4943 4944 4946 4948 4965 6076 6077 6177 6178 6182 
	}
	weather={
	}
}
