
strategic_region={
	id=20
	name="STRATEGICREGION_20"
	provinces={
		996 1067 1067 1131 1131 1135 1135 1153 1153 1192 1192 1193 1193 1194 1194 1232 1232 1237 1247 1247 1263 1263 1271 1289 1311 1318 1339 1344 4566 4856 4857 4859 4859 4860 4861 4915 4920 4921 4924 4925 4930 4930 4932 4932 4934 4934 4935 4938 4938 4939 4940 5675 5675 6023 6030 6036 6044 6049 6054 6056 6058 6059 6060 6062 6063 6064 6066 6068 6069 6070 6072 6073 6075 6078 6080 6081 6082 6083 6084 6087 6089 6090 6091 6092 6094 6095 6096 6100 6102 6103 6104 6109 6112 6113 6114 6116 6117 6122 
	}
	weather={
	}
}
