
strategic_region={
	id=21
	name="STRATEGICREGION_21"
	provinces={
		800 1133 1282 1297 1313 1354 1368 1375 1401 1411 1420 1426 1455 1464 1469 1478 1485 1508 1515 1527 1541 1551 1573 1592 1600 1627 1636 1637 1666 1683 1766 1929 1978 2009 2029 3111 3155 3220 3272 3316 3328 3336 3347 3361 3364 3385 3415 3416 3418 5031 5033 5040 5047 5054 5058 5064 5066 5074 5077 5078 6628 6629 6632 6647 7292 7293 7294 7295 7296 7297 7298 7299 7300 7302 7303 7304 7306 7308 7312 7313 7314 7317 7318 7320 7321 7322 7323 7324 7325 7326 7327 7328 7329 7332 7337 7338 7339 7341 7345 7350 
	}
	weather={
	}
}
