
strategic_region={
	id=24
	name="STRATEGICREGION_24"
	provinces={
		2071 2136 2155 2186 2192 2212 2217 2239 2240 2247 2284 2300 2310 2363 3494 3644 3693 3911 3960 3964 3967 3968 3969 3973 3974 3976 3977 3978 3979 3980 3981 3982 3983 3986 3987 3988 3991 3996 5173 5174 5177 5180 5181 5756 7534 7535 7536 7537 7538 7539 7540 7541 7542 7543 7550 7568 7573 7576 7578 7579 7581 7585 7586 7587 7589 7590 7592 7593 7594 7595 7596 7597 7598 7599 7600 7601 7602 7603 7604 7605 7606 7607 7608 7609 7610 7611 7640 7641 7642 
	}
	weather={
	}
}
