
strategic_region={
	id=25
	name="STRATEGICREGION_25"
	provinces={
		1781 1786 1825 1842 1843 1899 1906 1920 1928 1955 1963 1986 1997 2053 2057 2058 2156 3476 3905 3906 3907 3935 3999 4850 4851 4991 5082 5083 5084 5085 5086 5087 5088 5089 5090 5091 5092 5093 5094 5095 5096 5097 5098 5100 5101 5103 5105 5107 5108 5110 5111 5112 5114 5115 5116 5118 5119 5120 5122 5123 5124 5125 5128 5130 5131 5132 5133 5134 5135 5136 5139 5140 5143 5144 5146 5147 5148 5149 5150 5155 5159 5162 5166 5168 5169 5170 
	}
	weather={
	}
}
