
strategic_region={
	id=28
	name="STRATEGICREGION_28"
	provinces={
		70 71 130 175 260 289 332 336 349 377 410 461 684 732 783 785 790 816 841 888 889 890 896 918 921 929 944 949 957 987 994 999 1006 1008 1019 1031 1041 1235 1254 1337 1740 1741 1742 1743 1744 1760 1780 1785 1849 1859 1880 1881 1904 1916 2002 2004 2005 2026 2027 2047 2068 2099 2145 2164 2190 2196 2210 2214 2215 2216 2235 2245 2258 2259 2282 2285 2307 2346 2352 2370 2373 2387 2393 2415 2425 2952 2953 2961 2989 2995 3007 3017 3020 3029 3030 3033 3042 3051 3059 3061 3062 3069 3078 3080 3084 3088 3089 3093 3100 3108 3110 3117 3118 3131 3132 3134 3140 3146 3149 3158 3159 3162 3163 3168 3174 3180 3201 3215 4975 4984 
	}
	weather={
	}
}
