
strategic_region={
	id=30
	name="STRATEGICREGION_30"
	provinces={
		1394 1428 1490 1975 2044 2056 2070 2082 2101 2135 2153 2154 2174 2211 2254 2268 2283 2309 2345 2412 2418 2419 2474 3861 3862 3863 3864 3866 3912 3915 3916 3917 4998 4999 5000 5003 5005 5006 5012 5013 5015 5018 5021 6459 6466 6467 6470 6472 6474 6475 6476 6477 6478 7736 7788 7792 7793 7794 7795 7796 7797 7798 7799 7800 7801 7802 7803 7804 7805 7806 7807 7808 7809 7810 7811 7812 7813 7814 7815 7816 7817 7818 7819 7820 7821 7822 7823 7824 7825 7826 7827 7828 7829 7830 7831 7832 7833 7834 7835 7836 7837 7838 7839 7840 7841 7842 
	}
	weather={
	}
}
