
strategic_region={
	id=31
	name="STRATEGICREGION_31"
	provinces={
		2505 2543 2551 2576 2594 2608 2609 2642 2654 2663 2692 2697 2715 2716 2732 2733 2752 2771 2780 3445 3556 3559 3560 3561 3563 3564 3840 3865 3867 3868 3869 3870 3871 3872 3873 3874 3875 3876 3877 3878 3879 3880 3881 3882 3883 3884 3885 3886 3887 3888 3889 3890 3891 3892 3918 3919 4002 4004 4006 6483 6485 6486 6487 6489 6490 6491 6492 6493 6494 6495 6496 6497 6498 6499 6500 6501 7937 7940 7942 7943 7944 7945 7946 7947 7948 7949 7950 7951 7952 7953 7954 7955 7956 7957 7958 7959 7960 7961 7962 7963 7964 7965 7966 7967 7968 7969 8003 
	}
	weather={
	}
}
