
strategic_region={
	id=34
	name="STRATEGICREGION_34"
	provinces={
		1240 1256 1328 1332 1346 1367 1373 1407 1410 1418 1447 1448 1449 1454 1488 1494 1495 1507 1513 1535 1540 1548 1553 1559 1577 1586 1597 1609 1623 1632 1633 1641 2148 2199 2200 2219 2243 2244 2280 2340 2863 2864 5286 5287 5288 5289 5290 5294 5295 5297 5301 5302 5303 5304 5305 5306 5307 5309 5310 5311 5313 5314 5316 5318 5319 5320 5322 5323 5324 5325 5326 5327 5328 5329 5330 5331 5332 5333 5334 5335 5336 5337 5338 5339 5340 5341 5342 5343 5344 5345 5346 5389 5391 5393 5394 5395 5396 5397 5398 5399 5400 5401 5402 5405 5406 5407 5408 5409 5410 5411 5412 5413 5414 5415 5416 5417 5418 5419 5420 5421 5422 5423 5424 5425 5426 5427 5428 5497 5498 5499 5586 5589 5590 5592 5593 5594 5596 5597 5598 5599 5600 5601 5602 5603 5604 5605 5606 5607 5608 
	}
	weather={
	}
}
