
strategic_region={
	id=35
	name="STRATEGICREGION_35"
	provinces={
		1260 1277 1299 1305 1321 1323 1340 1345 1360 1364 1366 1372 1399 1413 1442 1443 1458 1459 1465 1470 1474 1476 1479 1522 1705 1713 1815 2178 2249 2291 2298 2334 2341 2379 2386 2400 2408 2433 2460 2466 2502 2507 2533 3251 5404 5595 5824 5825 5826 5827 5828 5829 5830 5831 5832 6535 6536 6537 6538 6539 6540 6541 6542 6543 6544 6545 6546 6547 6548 6549 6550 6551 6552 6553 6554 6555 6556 6557 6558 6559 6560 6561 6562 6563 6564 6565 6566 6567 6568 6569 6570 6589 6590 6591 6592 6593 6594 6595 6596 6597 6598 6599 6600 6601 6602 6603 6604 6605 6606 6607 6608 6609 6610 6611 6612 6613 6614 6615 
	}
	weather={
	}
}
