
strategic_region={
	id=36
	name="STRATEGICREGION_36"
	provinces={
		593 616 623 631 641 645 1471 1536 1537 1574 1610 1688 1700 1701 1702 1703 1704 1727 1731 1761 1769 1770 1773 1774 1811 1819 1834 1841 1851 1861 1868 1869 1882 1893 1908 1936 1975 2089 2115 2116 2126 2143 2149 2201 2204 2205 2264 2274 2281 2292 2305 2326 2342 2372 3047 3133 3929 4840 4870 4873 4970 4971 4972 4973 4983 4986 5354 5355 5359 5367 5430 5431 5434 6209 6210 6211 6457 6458 7643 7644 7645 7646 7647 7648 7649 7650 7651 7652 7653 7654 7655 7656 7658 7663 7665 7741 7742 7743 7744 7745 7746 7747 7748 7749 7750 7751 7752 7753 7754 7755 7756 7757 7758 7759 7760 7761 7762 7763 7764 7765 7768 7769 7770 7771 7773 7777 7778 7781 7782 7788 
	}
	weather={
	}
}
