
strategic_region={
	id=4
	name="STRATEGICREGION_4"
	provinces={
		668 680 754 791 802 802 807 868 868 870 870 909 909 926 927 942 942 950 963 1002 1057 1090 4578 4580 4581 4583 4584 4587 4590 4662 4664 4666 4672 4676 4679 4680 4681 4682 4853 4854 4855 4906 4908 4909 4909 4910 4910 4911 4911 4912 4918 5081 5674 5966 5967 5968 5969 5970 5971 5972 5973 5974 5975 5976 5977 5978 5979 5980 5981 5982 5983 5984 5985 5986 5987 5988 5990 5991 5992 5993 5994 5995 5996 5997 5998 6000 6003 6004 6005 6006 6007 6009 6010 6015 6016 6017 6019 6021 6024 6025 6026 6029 6031 6032 6035 6040 6041 6045 6048 6050 6055 6057 
	}
	weather={
	}
}
