
strategic_region={
	id=5
	name="STRATEGICREGION_5"
	provinces={
		3224 3231 3243 3259 3269 3270 3294 3412 3446 3447 3448 3449 3450 3451 3452 3453 3454 3456 3580 3581 3582 3583 3584 3585 3586 3587 3588 3589 3590 3591 3592 3593 3594 3595 3596 3597 3598 3599 3600 3601 3602 3603 3604 3605 3606 3607 3608 3609 3610 3611 3612 3613 3614 3615 3616 3617 3618 3619 3620 3621 3622 3623 3624 3625 3626 3627 3628 3629 3630 3631 3632 3633 3634 3635 3636 3637 3638 3639 3640 3641 3642 3643 6286 
	}
	weather={
	}
}
