
strategic_region={
	id=93
	name="STRATEGICREGION_93"
	provinces={
		111 114 131 138 141 145 150 167 174 209 213 214 232 235 240 252 258 264 277 278 281 288 295 322 329 343 362 368 393 419 422 430 435 440 452 457 465 466 473 486 490 500 502 522 525 534 546 550 559 592 644 652 653 655 656 661 704 705 710 715 718 724 733 734 735 748 749 756 769 773 787 794 795 796 804 805 810 818 819 824 825 826 827 828 831 836 837 843 848 849 854 855 859 860 871 872 878 880 881 891 892 901 915 922 923 924 952 965 966 991 998 1078 1086 1107 1125 1149 1150 1159 1160 1168 1169 1181 1182 1188 1189 1196 1200 1203 1208 1209 1212 1218 1219 1220 1225 1230 1234 1245 1246 1249 1257 1261 1265 1266 1267 1269 1290 1291 1303 1308 1312 1330 1356 1391 1395 1396 1416 1429 1489 1828 1896 1910 1934 1967 1992 2046 2055 2081 2090 2106 2119 2120 2127 2151 2152 2158 2171 2172 2188 2220 2221 2299 2306 2327 2335 2344 3283 
	}
	weather={
	}
}
