
strategic_region={
	id=95
	name="STRATEGICREGION_95"
	provinces={
		127 155 160 199 203 204 220 265 275 296 315 316 323 371 374 382 383 390 396 397 401 402 408 413 418 424 425 429 446 449 450 454 476 492 498 504 507 523 524 541 543 549 555 557 561 573 578 581 625 635 650 745 751 1374 4081 4084 4089 4091 4092 4094 4100 4111 4113 4114 4123 4125 4129 4130 4131 4148 4152 4169 4172 4183 4231 4238 4276 4277 4284 4291 4292 4293 4297 4299 4311 4328 4335 4411 4449 4458 4487 4500 4514 4529 4541 4697 4903 
	}
	naval_terrain=water_deep_ocean
	weather={
	}
}
