
state={
	id=438
	name="STATE_438"
	provinces={
		622 642 644 646 648 652 653 655 656 661 662 666 667 671 672 673 674 675 678 684 688 689 690 692 694 695 697 698 699 703 704 705 706 710 711 712 715 717 718 722 724 725 726 728 729 732 733 734 735 736 739 748 749 752 753 755 756 757 758 759 760 763 764 765 769 770 771 772 773 781 782 784 785 786 787 788 790 794 795 796 799 804 805 809 810 811 815 816 818 819 820 823 824 825 826 827 828 831 832 833 836 837 841 843 844 845 846 848 849 852 853 854 855 856 859 860 861 867 871 872 878 880 881 882 883 888 889 890 891 892 895 896 898 901 902 903 904 908 912 915 916 921 922 923 924 925 929 930 931 939 940 948 949 951 952 953 954 957 958 959 960 965 966 967 976 977 985 986 987 988 991 992 993 994 995 998 999 1000 1006 1010 1011 1013 1018 1019 1020 1023 1024 1025 1030 1031 1032 1033 1034 1035 1036 1040 1041 1053 1061 1062 1063 1070 1076 1077 1082 1083 1084 1092 1093 1097 1098 1099 1105 1106 1113 1120 1121 1122 1123 1130 1141 1142 1144 1145 1146 1156 1157 1158 1164 
	}
	manpower=0
	buildings_max_level_factor=1.000
}
