
strategic_region={
	id=11
	name="STRATEGICREGION_11"
	provinces={
		72 73 74 75 76 118 181 193 245 254 261 274 276 292 293 307 325 330 335 343 347 364 365 366 368 394 409 412 433 436 458 459 460 467 469 474 477 484 508 510 513 516 520 521 539 542 544 547 552 553 554 556 562 563 569 580 585 590 591 595 596 597 605 614 615 619 629 630 636 638 976 995 1000 1010 1011 1013 1018 1023 1024 1030 1033 1034 1035 1036 1042 1061 1076 1094 1097 1098 1105 1120 1143 1145 1164 1224 1244 1273 1294 1655 1719 1775 1806 1835 2479 2490 2519 2520 2524 2535 2565 2570 2571 2584 2605 2606 2626 2627 2628 2653 2657 2661 2662 2676 2691 2695 2699 2719 2720 2721 2726 2727 2748 2754 2761 2775 2784 2788 2790 2791 2798 2813 2850 2855 2856 2860 2865 2866 2890 2903 2904 2907 2913 2918 2919 2933 2934 2939 2940 2946 2950 2962 2965 3032 3082 3114 3761 3920 4482 4586 4852 
	}
	weather={
	}
}
