
strategic_region={
	id=124
	name="STRATEGICREGION_124"
	provinces={
		1689 1692 1693 1694 1695 1696 1753 1754 1755 1762 1812 1813 1830 1883 1894 1937 3898 3899 3902 3903 4969 4982 5182 5183 5184 5185 5186 5187 5188 5189 5190 5192 5193 5194 5195 5196 5197 5347 5348 5349 5350 5351 5352 5353 5356 5357 5358 5360 5361 5362 5363 5364 5365 5366 5368 5369 5370 5371 5372 5373 5429 5432 5433 5435 5436 5437 5438 5439 5440 5441 5442 5443 5444 5445 5446 5447 5448 5449 5450 5451 5452 5453 5454 5455 5456 
	}
	weather={
	}
}
