
strategic_region={
	id=130
	name="STRATEGICREGION_130"
	provinces={
		318 328 337 348 354 379 380 4209 4211 4213 4214 4216 4222 4226 4228 4232 4240 4241 4243 4248 4250 4256 4257 4258 4261 4264 4265 4266 4270 4271 4272 4274 4280 4282 4283 4287 4288 4301 4302 4303 4304 4305 4306 4307 4308 4309 4310 4314 4316 4318 4319 4322 4323 4325 4329 4330 4333 4334 4336 4337 4338 4339 4342 4344 4345 4348 4351 4352 4353 4356 4401 4402 4403 4404 4405 4406 4407 4408 4409 4410 4412 4413 4414 4415 4416 4417 4418 4602 4606 4609 4614 4615 5673 
	}
	weather={
	}
}
