
strategic_region={
	id=25
	name="STRATEGICREGION_25"
	provinces={
		1781 1786 1825 1842 1843 1899 1906 1920 1928 1955 1963 1986 1997 2053 2057 2058 2058 2059 2059 2060 2060 2111 2111 2112 2112 2113 2113 2132 2132 2156 2156 2157 2157 2168 2168 2175 2175 2198 2198 3476 3476 3905 3906 3907 3935 3999 4847 4850 4851 4991 4996 4996 5082 5084 5087 5088 5090 5091 5094 5095 5096 5100 5101 5103 5108 5198 5199 5200 5201 5207 5212 5213 5216 5217 5218 5220 5221 5223 5224 5227 5228 5230 5232 5235 5236 5238 5239 5240 5242 
	}
	weather={
	}
}
