
strategic_region={
	id=94
	name="STRATEGICREGION_94"
	provinces={
		391 456 4090 4091 4093 4095 4096 4097 4100 4101 4102 4105 4107 4108 4111 4112 4113 4114 4115 4116 4117 4118 4120 4121 4122 4123 4124 4126 4127 4128 4129 4130 4131 4132 4133 4134 4135 4136 4137 4138 4139 4140 4141 4142 4143 4144 4145 4146 4147 4148 4149 4150 4151 4152 4153 4154 4155 4156 4157 4158 4159 4160 4161 4162 4163 4164 4165 4166 4167 4168 4169 4170 4171 4172 4173 4174 4175 4176 4177 4178 4179 4180 4181 4182 4184 4185 4186 
	}
	weather={
	}
}
