
strategic_region={
	id=96
	name="STRATEGICREGION_96"
	provinces={
		68 69 85 125 172 186 245 254 274 276 307 325 330 335 343 362 365 368 393 409 419 422 430 435 436 440 441 447 452 457 458 459 460 465 466 467 469 473 474 477 484 486 487 488 490 500 502 505 506 508 510 513 516 518 519 520 521 522 525 529 533 534 539 542 544 546 547 550 551 552 553 554 556 559 562 563 566 568 569 570 571 580 585 586 590 591 592 593 594 595 596 597 601 604 605 610 614 615 616 619 623 629 630 631 636 637 638 639 641 645 
	}
	weather={
	}
}
