
strategic_region={
	id=97
	name="STRATEGICREGION_97"
	provinces={
		324 351 352 376 404 426 451 471 472 501 509 528 565 579 600 609 622 642 644 646 648 652 653 655 656 661 662 667 672 673 674 675 678 688 689 690 694 695 698 699 702 704 705 706 709 710 711 712 715 717 718 724 725 726 729 731 732 733 734 735 736 738 739 748 749 753 756 757 758 759 760 763 764 765 769 770 771 772 773 786 787 788 790 794 795 796 799 803 804 805 810 811 818 819 820 824 825 826 827 828 831 832 833 836 837 843 844 845 848 849 853 854 855 856 859 860 861 866 867 871 872 878 880 881 882 883 885 887 891 892 896 901 902 903 904 908 912 915 922 923 924 925 930 931 940 948 952 953 954 959 960 965 966 967 970 975 976 977 979 980 988 991 993 994 995 998 999 1000 1006 1010 1011 1019 1020 1024 1031 1033 1034 1035 1036 1041 1053 1063 1071 1078 1086 1101 1107 1110 1119 1125 1128 1144 1149 1150 1151 1159 1160 1168 1169 1176 1177 1181 1182 1185 1188 1189 1196 1200 1202 1203 1208 1209 1212 1218 1219 1220 1225 1230 1234 1245 1246 1249 1255 1257 1261 1264 1265 1266 1267 1269 1283 1290 1291 1295 1296 1300 1303 1306 1307 1308 1312 1323 1324 1330 1334 1335 1336 1343 1349 1355 1356 1363 1364 1376 1377 1378 1379 1384 1388 1389 1390 1391 1393 1394 1395 1396 1403 1404 1412 1413 1414 1415 1416 1421 1425 1427 1428 1429 1430 1435 1436 1444 1450 1451 1452 1461 1465 1466 1470 1471 1479 1480 1486 1487 1489 1490 1491 1497 1498 1499 1500 1509 1510 1516 1521 1522 1523 1526 1536 1537 1542 1543 1544 1545 1554 1555 1556 1561 1562 1563 1568 1572 1574 1580 1581 1582 1588 1589 1593 1594 1605 1606 1607 1617 1625 1629 1630 1638 1639 1642 1651 1658 1661 1662 1667 1668 1672 1681 1691 1706 1708 1714 1722 1724 1729 1732 1733 1738 1767 1768 1776 1778 1783 1784 1789 1790 1800 1801 1802 1808 1816 1817 1818 1820 1827 1828 1832 1836 1837 1838 1845 1857 1862 1863 1864 1865 1866 1867 1871 1879 1888 1889 1890 1896 1902 1909 1910 1919 1922 1923 1930 1931 1932 1933 1934 1939 1952 1966 1967 1979 1980 1981 1983 1984 1985 1992 1996 2000 2017 2018 2022 2023 2030 2034 2042 2046 2048 2049 2050 2054 2055 2066 2067 2081 2090 2091 2098 2106 2108 2119 2120 2122 2127 2144 2150 2151 2152 2158 2171 2172 2188 2207 2220 2221 2250 2299 2306 2327 2335 2344 
	}
	weather={
	}
}
