
strategic_region={
	id=98
	name="STRATEGICREGION_98"
	provinces={
		2079 2206 2343 2404 2409 2410 2415 2434 2444 2452 2461 2473 2486 2498 2499 2503 2508 2534 2542 2546 2565 2570 2584 2598 2625 2626 2627 2637 2653 2661 2695 2699 2726 2734 2745 2750 2754 2775 2789 2807 2811 2854 2859 2882 2885 2905 2906 2923 2928 2943 2945 2956 2957 3036 3046 3075 3079 3107 3116 3152 3178 3193 3219 3222 3223 3253 3255 3279 3280 3281 3292 3297 3334 3335 3339 3344 3352 3359 3391 3394 3399 3402 3404 
	}
	weather={
	}
}
