
strategic_region={
	id=99
	name="STRATEGICREGION_99"
	provinces={
		1348 1400 1502 1550 1598 1659 1721 1764 1765 1771 1797 1870 1900 1938 1950 1972 1999 2008 2016 2038 2039 2087 2088 2089 2097 2115 2116 2125 2126 2138 2143 2148 2149 2178 2179 2199 2200 2201 2204 2205 2219 2234 2242 2243 2244 2249 2263 2264 2274 2280 2281 2291 2292 2298 2305 2326 2334 2340 2341 2342 2370 2372 2378 2379 2386 2395 2396 2397 2400 2403 2408 2431 2433 2459 2460 2466 2467 2502 2507 2518 2527 2533 2553 2558 2562 2563 2564 2585 2590 2603 2611 2620 2624 2636 2644 2646 2660 2673 2674 2687 2698 2717 2725 2730 2744 2774 2779 2781 2796 2810 2822 2828 2829 2832 2839 2842 2846 2849 2863 2864 2870 2876 2899 2908 2917 2927 2935 3047 3133 3251 
	}
	weather={
	}
}
