
state={
	id=447
	name="STATE_447"
	provinces={
		1708 1720 1724 1768 1772 1778 1784 1789 1802 1809 1820 1828 1837 1838 1858 1866 1867 1890 1896 1902 1910 1915 1934 1939 1940 1966 1967 1992 1996 2002 2018 2019 2030 2043 2046 2050 2054 2055 2067 2081 2098 2106 2107 2108 2122 2127 2144 2150 2151 2152 2163 2171 2172 2180 2190 2196 2214 2215 2221 2222 2235 2236 2245 2258 2259 2275 2282 2285 2286 2306 2307 2312 2319 2320 2336 2344 2346 2347 2352 2373 2380 2387 2388 2393 2425 
	}
	manpower=10
	buildings_max_level_factor=1.000
	state_category=wasteland
}
