
strategic_region={
	id=210
	name="STRATEGICREGION_210"
	provinces={
		954 1441 1445 1503 1534 1559 1564 1582 1587 1604 1621 1646 1758 1881 1987 4402 4444 4449 4452 4510 4522 4540 4565 4567 4569 4594 4597 4622 4625 4988 5059 6696 6974 7422 7464 7485 7543 7547 7555 7586 7599 7615 7626 7797 7831 8083 8110 9727 10192 10281 10355 10370 10410 10477 10586 10615 10657 10717 10727 10753 10824 11509 11621 11635 11717 12305 12328 12346 12361 12429 12458 12463 12489 12501 12568 12637 12670 12709 12735 12778 12803 
	}
	weather={
	}
}
