
state={
	id=438
	name="STATE_438"
	provinces={
		622 642 644 646 648 652 653 655 656 661 662 667 672 673 674 675 678 688 689 690 694 695 698 699 704 705 706 710 711 712 715 717 718 724 725 726 729 732 733 734 735 736 739 748 749 753 756 757 758 759 760 763 764 765 769 770 771 772 773 786 787 788 790 794 795 796 799 804 805 810 811 818 819 820 824 825 826 827 828 831 832 833 836 837 843 844 845 848 849 853 854 855 856 859 860 861 867 871 872 878 880 881 882 883 891 892 896 901 902 903 904 908 912 915 922 923 924 925 930 931 940 948 952 953 954 959 960 965 966 967 976 977 988 991 993 994 995 998 999 1000 1006 1010 1011 1019 1020 1024 1031 1033 1034 1035 1036 1041 1053 1063 1144 
	}
	manpower=10
	buildings_max_level_factor=1.000
	state_category=wasteland
}
