190;floating_harbor;1674.21;9.50;1419.30;-4.47;5807
198;floating_harbor;2638.87;9.50;1369.05;-3.02;8181
821;floating_harbor;3172.05;9.50;200.95;0.79;8622
829;floating_harbor;3113.63;9.50;170.86;0.20;8694
462;floating_harbor;3060.74;9.50;131.87;-4.25;95
827;floating_harbor;3060.30;9.50;114.07;0.95;8721
825;floating_harbor;3035.24;9.50;94.43;0.40;8682
822;floating_harbor;3022.13;9.50;86.26;-0.46;8708
823;floating_harbor;3005.00;9.50;13.00;1.57;8585
809;floating_harbor;3705.82;9.50;5.88;-0.98;8641
810;floating_harbor;3650.00;9.50;27.00;-1.57;8657
807;floating_harbor;3566.95;9.50;68.95;-0.79;8679
812;floating_harbor;3202.64;9.50;175.79;-1.89;8387
814;floating_harbor;3270.00;9.50;205.00;-0.96;8386
818;floating_harbor;3293.95;9.50;140.87;-1.45;8482
819;floating_harbor;3192.05;9.50;104.95;0.79;8531
817;floating_harbor;3460.00;9.50;165.00;-1.09;8576
813;floating_harbor;3363.00;9.50;165.00;0.62;8451
815;floating_harbor;3460.00;9.50;165.00;-1.36;8452
816;floating_harbor;3471.13;9.50;129.26;-0.46;8423
808;floating_harbor;3270.00;9.50;205.00;0.64;8352
811;floating_harbor;3310.95;9.50;188.95;-0.79;8353
830;floating_harbor;3446.95;9.50;401.95;-0.79;8357
838;floating_harbor;2602.42;9.50;1347.57;-2.26;8175
839;floating_harbor;2638.87;9.50;1369.05;-3.02;8181
849;floating_harbor;1646.00;9.50;1435.00;0.77;5800
6;floating_harbor;3192.00;9.50;1138.00;-3.57;2296
4;floating_harbor;3218.83;9.50;1170.48;-1.79;3522
620;floating_harbor;3070.79;9.50;1079.36;-3.46;5152
290;floating_harbor;3119.95;9.50;1114.05;-2.36;8759
251;floating_harbor;3149.00;9.50;1129.00;-1.26;3473
27;floating_harbor;3149.00;9.50;1129.00;-1.37;2203
291;floating_harbor;3149.00;9.50;1129.00;-1.53;3432
201;floating_harbor;3149.00;9.50;1129.00;-1.62;3434
211;floating_harbor;3226.00;9.50;1139.00;1.57;3436
210;floating_harbor;3220.00;9.50;1141.00;-2.16;3435
29;floating_harbor;2961.05;9.50;1195.95;0.79;3530
803;floating_harbor;3026.00;9.50;1039.00;-3.29;8280
44;floating_harbor;3026.00;9.50;1039.00;-3.20;3421
45;floating_harbor;3048.26;9.50;1069.13;-1.11;1948
763;floating_harbor;3026.00;9.50;1039.00;-2.36;8293
418;floating_harbor;3246.84;9.50;1227.60;-2.72;6233
329;floating_harbor;3232.23;9.50;1218.35;-2.30;2741
325;floating_harbor;3221.00;9.50;1203.00;-1.57;5736
5;floating_harbor;3213.00;9.50;1178.00;-1.57;5719
199;floating_harbor;3219.08;9.50;1197.47;-1.05;3443
328;floating_harbor;3315.77;9.50;1255.04;-3.03;3780
419;floating_harbor;3269.70;9.50;1246.21;-2.90;2632
2;floating_harbor;3215.88;9.50;1180.82;-0.59;3523
1;floating_harbor;3220.00;9.50;1141.00;-4.11;5702
3;floating_harbor;3212.64;9.50;1145.79;-1.89;5701
10;floating_harbor;3187.13;9.50;1134.74;-2.68;5699
247;floating_harbor;3174.95;9.50;1136.05;-2.36;3484
248;floating_harbor;3153.13;9.50;1132.74;-2.68;3482
249;floating_harbor;3139.95;9.50;1127.05;-2.36;5697
260;floating_harbor;3149.00;9.50;1129.00;-1.23;5686
202;floating_harbor;3149.00;9.50;1129.00;-1.09;5693
26;floating_harbor;3149.00;9.50;1129.00;1.57;3433
258;floating_harbor;3146.00;9.50;1087.00;-1.31;5681
254;floating_harbor;3108.82;9.50;1065.12;-2.16;3462
203;floating_harbor;3104.00;9.50;1061.40;-2.11;3425
259;floating_harbor;3090.00;9.70;1058.00;-2.28;3461
413;floating_harbor;3090.00;9.70;1058.00;-2.49;3427
412;floating_harbor;3090.00;9.70;1058.00;-2.15;1987
411;floating_harbor;3087.60;9.50;1052.20;-0.93;5113
204;floating_harbor;3093.00;9.50;1036.00;-1.57;5106
137;floating_harbor;3085.00;9.50;1022.00;-1.57;5191
136;floating_harbor;3044.21;9.50;1051.70;1.33;5117
205;floating_harbor;3051.00;9.50;1022.00;-3.24;3426
207;floating_harbor;3051.00;9.50;1022.00;-3.12;5145
206;floating_harbor;3051.00;9.50;1022.00;-2.87;8278
764;floating_harbor;3026.00;9.50;1039.00;0.66;5196
209;floating_harbor;3055.00;9.50;992.00;0.00;5185
769;floating_harbor;3068.00;9.50;960.00;-1.39;5343
354;floating_harbor;3064.00;9.50;930.00;-1.64;5327
353;floating_harbor;3016.60;9.50;896.00;-2.60;5406
770;floating_harbor;2979.95;9.50;875.05;-2.36;1367
73;floating_harbor;2956.00;9.50;848.00;-3.14;5294
352;floating_harbor;2923.00;9.50;828.00;-1.57;5389
406;floating_harbor;2910.70;9.50;808.21;-2.90;5282
15;floating_harbor;2891.00;9.50;758.00;-3.14;8755
16;floating_harbor;2931.26;9.50;687.13;-1.11;2272
12;floating_harbor;2943.00;9.50;645.00;-1.57;767
11;floating_harbor;2903.00;9.50;580.00;-1.57;8745
232;floating_harbor;2927.95;9.50;592.05;-2.36;5474
17;floating_harbor;2849.00;9.50;667.00;-3.65;8748
14;floating_harbor;2815.60;9.50;749.88;-3.65;5485
559;floating_harbor;2423.64;9.50;570.21;-1.25;4572
250;floating_harbor;2947.00;9.50;1188.00;-4.10;8765
230;floating_harbor;2955.00;9.50;1190.00;-3.14;3537
94;floating_harbor;2947.00;9.50;1188.00;-3.85;3539
275;floating_harbor;3007.60;9.50;1222.00;-0.54;5764
93;floating_harbor;2953.95;9.50;1214.95;-0.79;8767
272;floating_harbor;2951.12;9.50;1187.82;0.59;2363
287;floating_harbor;2925.00;9.50;1169.00;1.57;3644
589;floating_harbor;2437.89;9.50;610.75;-1.75;4584
721;floating_harbor;2635.00;10.03;1043.00;-2.71;1960
60;floating_harbor;2635.00;10.03;1043.00;-3.50;7487
1;floating_harbor;3223.21;9.50;1143.36;-2.82;2271
1;floating_harbor;3221.00;9.50;1171.00;1.14;3438
1;floating_harbor;3225.00;9.50;1145.00;-3.14;3439
1;floating_harbor;3207.00;9.50;1148.00;1.57;5700
1;floating_harbor;3220.00;9.50;1141.00;-4.11;5702
2;floating_harbor;3222.64;9.50;1170.21;-1.25;2316
2;floating_harbor;3224.82;9.50;1165.88;-0.98;3440
2;floating_harbor;3220.00;9.50;1141.00;-2.50;3501
3;floating_harbor;3211.13;9.50;1143.74;-2.68;3437
3;floating_harbor;3193.00;9.50;1139.00;-3.55;3504
5;floating_harbor;3213.79;9.50;1179.30;-1.82;2394
10;floating_harbor;3193.00;9.50;1139.00;-2.76;2278
10;floating_harbor;3193.00;9.50;1139.00;-3.14;3491
11;floating_harbor;2937.64;9.50;613.21;-1.25;701
11;floating_harbor;2942.79;9.50;628.70;-1.33;3460
11;floating_harbor;2889.00;9.50;576.00;-1.57;8744
11;floating_harbor;2903.00;9.50;580.00;-1.57;8745
12;floating_harbor;2884.05;9.50;617.05;-3.93;720
12;floating_harbor;2943.00;9.50;645.00;-1.57;767
14;floating_harbor;2837.05;9.50;731.05;-3.93;972
14;floating_harbor;2816.95;9.50;752.05;-2.36;1017
14;floating_harbor;2826.05;9.50;743.05;-3.93;5382
14;floating_harbor;2806.07;9.50;743.30;-2.52;5484
14;floating_harbor;2815.60;9.50;749.88;-3.65;5485
15;floating_harbor;2891.00;9.50;758.00;-1.89;1022
15;floating_harbor;2891.00;9.50;758.00;0.32;5274
15;floating_harbor;2902.96;9.50;773.23;-1.68;5278
15;floating_harbor;2891.00;9.50;758.00;0.00;8752
15;floating_harbor;2903.95;9.50;754.05;-2.36;8753
15;floating_harbor;2891.00;9.50;758.00;-3.14;8754
16;floating_harbor;2941.00;9.50;658.00;-1.57;822
16;floating_harbor;2923.47;9.50;701.37;-0.90;865
16;floating_harbor;2919.90;9.50;717.85;-1.74;928
16;floating_harbor;2911.95;9.50;737.13;-1.70;989
16;floating_harbor;2936.64;9.50;673.21;-1.25;2213
16;floating_harbor;2931.26;9.50;687.13;-1.11;2272
17;floating_harbor;2861.18;9.50;657.12;-4.12;792
17;floating_harbor;2849.00;9.50;667.00;-3.93;851
17;floating_harbor;2853.27;9.50;710.92;1.29;920
17;floating_harbor;2852.74;9.50;705.13;1.11;5377
17;floating_harbor;2852.03;9.50;715.30;-4.61;5481
17;floating_harbor;2851.05;9.50;717.05;-3.93;5482
17;floating_harbor;2875.35;9.50;636.77;-3.87;5572
17;floating_harbor;2849.00;9.50;667.00;-3.65;8748
24;floating_harbor;1603.00;9.50;1006.00;-4.44;568
24;floating_harbor;1687.95;9.50;1020.05;-2.36;1848
24;floating_harbor;1693.95;9.50;1024.05;-2.36;1874
24;floating_harbor;1603.00;9.50;1006.00;-4.47;1892
24;floating_harbor;1603.00;9.50;1006.00;-4.48;1915
24;floating_harbor;1603.00;9.50;1006.00;-4.46;6361
24;floating_harbor;1669.18;9.50;1027.12;-4.12;6362
25;floating_harbor;1603.00;9.50;1006.00;-4.52;601
25;floating_harbor;1603.00;9.50;1006.00;1.39;1725
25;floating_harbor;1682.36;9.50;1007.21;1.25;1739
25;floating_harbor;1692.00;9.50;1022.00;0.00;1779
25;floating_harbor;1689.40;9.50;1025.20;0.93;1791
25;floating_harbor;1603.00;9.50;1006.00;-4.49;1793
25;floating_harbor;1702.00;9.50;983.00;-3.14;6356
25;floating_harbor;1690.05;9.50;989.05;-3.93;6357
25;floating_harbor;1696.87;9.50;1014.26;0.46;6359
26;floating_harbor;3145.95;9.50;1114.05;-2.36;2187
26;floating_harbor;3154.13;9.50;1114.74;-2.68;3428
26;floating_harbor;3173.00;9.50;1126.00;-1.57;3429
26;floating_harbor;3149.00;9.50;1129.00;1.57;3433
28;floating_harbor;3149.00;9.50;1129.00;-1.19;2162
29;floating_harbor;2947.00;9.50;1188.00;-4.39;2414
30;floating_harbor;2952.00;9.50;1217.00;-1.57;2483
30;floating_harbor;2960.95;9.50;1221.05;-2.36;2541
30;floating_harbor;2955.26;9.50;1218.87;-2.03;3547
30;floating_harbor;2972.00;9.50;1228.40;-2.11;6229
31;floating_harbor;3422.88;9.50;1251.18;-2.55;5505
31;floating_harbor;3408.00;9.50;1253.00;-3.14;5506
31;floating_harbor;3357.00;9.50;1272.00;-4.59;5509
31;floating_harbor;3398.60;9.50;1290.50;-0.38;5511
31;floating_harbor;3357.00;9.50;1272.00;-4.49;5623
32;floating_harbor;3170.00;9.75;1331.00;-4.29;2820
32;floating_harbor;3170.00;9.75;1331.00;-4.15;4013
32;floating_harbor;3207.00;9.50;1347.00;-1.57;8047
32;floating_harbor;3306.00;9.50;1429.00;-0.90;8048
34;floating_harbor;3123.00;9.50;1295.00;-0.24;4003
34;floating_harbor;3123.00;9.50;1295.00;-0.69;8036
35;floating_harbor;2848.13;9.50;1162.74;-2.68;5714
36;floating_harbor;2857.00;9.50;1184.00;-2.03;2382
36;floating_harbor;2861.64;9.50;1186.79;-1.89;5726
36;floating_harbor;2857.00;9.50;1184.00;-1.11;7873
38;floating_harbor;2869.26;9.50;1218.13;-1.11;5610
38;floating_harbor;2866.00;9.50;1231.00;-1.57;6480
38;floating_harbor;2829.70;9.50;1231.79;-0.24;6482
38;floating_harbor;2867.26;9.50;1227.13;-1.11;7913
38;floating_harbor;2832.40;9.50;1235.50;0.38;7986
38;floating_harbor;2839.12;9.50;1242.82;0.59;7989
39;floating_harbor;2851.50;9.50;1156.60;-1.19;2310
40;floating_harbor;1685.00;9.50;1388.00;1.57;458
40;floating_harbor;1646.00;9.50;1435.00;0.46;2813
40;floating_harbor;1646.00;9.50;1435.00;0.63;2866
40;floating_harbor;1646.00;9.50;1435.00;0.57;3920
40;floating_harbor;1646.00;9.50;1435.00;0.65;5796
41;floating_harbor;2720.60;9.50;1164.00;-0.54;7736
42;floating_harbor;2500.00;9.50;723.00;-3.24;6451
43;floating_harbor;1816.79;9.50;869.36;-3.46;6324
43;floating_harbor;1805.05;9.50;875.05;-3.93;6325
43;floating_harbor;1799.00;9.50;887.00;1.57;6326
43;floating_harbor;1795.05;9.50;883.05;-3.93;6327
48;floating_harbor;2879.00;9.50;1156.00;0.00;3987
48;floating_harbor;2885.00;9.50;1156.00;0.00;5345
48;floating_harbor;2894.85;9.50;1161.90;0.17;7542
48;floating_harbor;2890.00;9.50;1157.00;0.00;7543
52;floating_harbor;1603.00;9.50;1006.00;-4.50;1875
54;floating_harbor;1638.21;9.50;1299.30;-4.47;1775
54;floating_harbor;1638.00;9.50;1286.00;1.57;2676
54;floating_harbor;1643.18;9.50;1318.88;0.98;2727
54;floating_harbor;1637.03;9.50;1272.70;1.47;3082
55;floating_harbor;1834.27;9.50;848.08;-4.43;1275
55;floating_harbor;1837.57;9.50;837.24;-4.31;1405
56;floating_harbor;1848.00;9.50;815.40;-4.17;5818
56;floating_harbor;1840.36;9.50;828.79;-4.39;5822
58;floating_harbor;2025.05;9.50;551.05;-3.93;598
58;floating_harbor;2034.12;9.50;603.40;-1.06;659
58;floating_harbor;2005.00;9.50;568.00;-3.14;765
58;floating_harbor;2042.30;9.50;533.99;-4.42;772
58;floating_harbor;2057.43;9.50;568.76;-1.17;786
59;floating_harbor;2231.80;9.50;388.40;-3.79;4505
59;floating_harbor;2220.87;9.50;394.74;-3.61;4508
59;floating_harbor;2227.87;9.50;390.74;-3.61;4510
59;floating_harbor;2216.79;9.50;398.36;-3.46;4513
60;floating_harbor;2635.00;10.03;1043.00;0.12;1824
60;floating_harbor;2635.00;10.03;1043.00;-3.50;7487
60;floating_harbor;2635.00;10.03;1043.00;-0.22;7490
61;floating_harbor;1663.00;9.50;1432.00;1.57;2967
62;floating_harbor;1667.00;9.50;1407.00;-1.57;2938
62;floating_harbor;1566.00;9.50;1409.00;1.52;3921
62;floating_harbor;1611.18;9.50;1414.12;-4.12;3922
62;floating_harbor;1646.00;9.50;1435.00;0.73;3923
62;floating_harbor;1637.57;9.50;1446.82;-0.23;3924
63;floating_harbor;1527.36;9.50;1471.79;-4.39;1032
63;floating_harbor;1522.79;9.50;1502.64;0.32;1077
63;floating_harbor;1559.40;9.50;1451.50;-3.52;1121
63;floating_harbor;1625.82;9.50;1451.88;-0.98;1122
63;floating_harbor;1646.00;9.50;1435.00;-2.21;1141
63;floating_harbor;1595.87;9.50;1423.74;-3.61;2963
63;floating_harbor;1571.44;9.50;1436.69;-3.85;2996
63;floating_harbor;1646.00;9.50;1435.00;-2.28;3010
63;floating_harbor;1557.76;9.50;1497.43;-0.40;3034
64;floating_harbor;3640.26;9.50;1347.87;-2.03;2827
65;floating_harbor;3709.69;9.50;1340.44;-4.00;2821
65;floating_harbor;3663.00;9.50;1347.00;-4.25;4010
65;floating_harbor;3744.37;9.50;1376.47;-0.67;5459
65;floating_harbor;3741.50;9.50;1342.40;-1.95;5528
65;floating_harbor;3663.00;9.50;1347.00;-4.64;5529
65;floating_harbor;3739.00;9.50;1402.00;-0.51;5531
66;floating_harbor;3664.00;9.50;1374.00;-1.57;2838
66;floating_harbor;3714.13;9.50;1379.74;-2.68;2880
66;floating_harbor;3600.00;9.50;1367.00;-3.14;2884
66;floating_harbor;3681.00;9.50;1486.00;-2.33;2954
66;floating_harbor;3640.13;9.50;1368.74;-2.68;4019
66;floating_harbor;3546.00;9.50;1393.60;1.03;4021
66;floating_harbor;3579.36;9.50;1440.21;1.25;4032
66;floating_harbor;3681.00;9.50;1486.00;0.12;4033
66;floating_harbor;3655.95;9.50;1454.95;-0.79;4036
66;floating_harbor;3653.05;9.50;1345.05;-3.93;5457
66;floating_harbor;3667.87;9.50;1373.26;0.46;5458
66;floating_harbor;3689.21;9.50;1359.36;-2.82;5460
66;floating_harbor;3554.40;9.50;1366.50;-3.52;5461
66;floating_harbor;3581.70;9.50;1368.21;-2.90;5462
66;floating_harbor;3645.63;9.50;1372.14;-3.34;5463
66;floating_harbor;3667.12;9.50;1369.18;-3.73;5464
66;floating_harbor;3663.00;9.50;1347.00;-2.91;5465
66;floating_harbor;3549.00;9.50;1379.00;-3.79;5466
66;floating_harbor;3715.95;9.50;1419.87;-1.45;5467
66;floating_harbor;3667.79;9.50;1442.64;0.32;5468
66;floating_harbor;3721.00;9.50;1434.00;-1.57;5469
66;floating_harbor;3629.37;9.50;1461.90;-1.14;5470
66;floating_harbor;3641.43;9.50;1480.24;-1.98;5471
66;floating_harbor;3604.18;9.50;1498.88;0.98;5472
66;floating_harbor;3587.00;9.50;1462.00;1.57;5473
66;floating_harbor;3700.39;9.50;1367.42;-2.79;5532
66;floating_harbor;3564.00;9.50;1473.00;0.46;5538
66;floating_harbor;3739.00;9.50;1402.00;-1.83;5539
66;floating_harbor;3716.05;9.50;1416.53;-1.04;5540
66;floating_harbor;3549.00;9.50;1379.00;-3.54;5544
66;floating_harbor;3681.00;9.50;1486.00;-0.36;5553
66;floating_harbor;3624.42;9.50;1462.98;0.08;5554
66;floating_harbor;3652.60;9.50;1468.20;-0.93;5560
66;floating_harbor;3625.84;9.50;1364.25;-2.88;5640
67;floating_harbor;2672.37;9.50;1393.10;-2.00;2898
67;floating_harbor;2709.13;9.50;1410.74;-2.68;2936
67;floating_harbor;2737.91;9.50;1406.32;-3.44;3846
69;floating_harbor;1127.70;9.50;1877.21;-2.90;1297
69;floating_harbor;982.53;9.50;1916.92;-3.66;1313
69;floating_harbor;1017.00;9.50;1901.00;-3.14;1401
69;floating_harbor;788.50;9.50;1872.40;-1.95;1508
69;floating_harbor;947.07;9.72;1923.64;-3.57;1541
69;floating_harbor;937.71;9.74;1929.06;-2.58;1600
69;floating_harbor;852.13;9.50;1931.74;-2.68;1683
69;floating_harbor;831.00;9.70;1852.00;-3.64;1929
69;floating_harbor;831.00;9.70;1852.00;-3.59;1978
69;floating_harbor;960.79;9.50;1887.30;-1.82;2009
69;floating_harbor;831.00;9.70;1852.00;-3.68;2029
69;floating_harbor;920.95;9.50;1896.87;-1.45;3336
69;floating_harbor;956.00;9.50;1880.00;-4.45;3347
69;floating_harbor;818.16;9.50;1904.27;-2.31;3361
69;floating_harbor;831.00;9.70;1852.00;-3.73;3364
71;floating_harbor;97.96;9.50;1538.77;-1.46;3111
71;floating_harbor;278.00;9.50;1644.00;0.85;3155
71;floating_harbor;152.10;9.50;1554.15;1.41;5031
71;floating_harbor;400.00;9.50;1586.00;-2.51;5033
72;floating_harbor;1418.50;9.50;1591.60;-1.19;1419
72;floating_harbor;1391.00;9.50;1584.00;-3.62;1496
72;floating_harbor;1391.13;9.50;1631.26;-0.46;1560
72;floating_harbor;1430.00;9.50;1564.00;-1.57;1699
72;floating_harbor;1381.50;9.50;1598.40;-4.33;3136
73;floating_harbor;2942.95;9.50;837.05;-2.36;1256
73;floating_harbor;2931.13;9.50;829.74;-2.68;5286
73;floating_harbor;2955.00;9.50;850.00;-1.57;5288
73;floating_harbor;2956.00;9.50;848.00;-3.14;5294
80;floating_harbor;1942.14;9.50;798.63;-4.51;1152
80;floating_harbor;1929.88;9.50;803.18;-2.55;4598
80;floating_harbor;1943.00;9.50;799.00;-3.14;4599
81;floating_harbor;1906.80;9.50;724.40;-3.79;736
81;floating_harbor;1923.07;9.50;701.99;1.43;758
81;floating_harbor;1964.90;9.50;713.15;-1.41;886
81;floating_harbor;1941.97;9.50;741.70;-1.47;5812
82;floating_harbor;1992.00;9.50;669.00;-1.57;742
82;floating_harbor;1950.60;9.50;642.16;-4.29;759
82;floating_harbor;1983.07;9.50;616.99;1.43;770
82;floating_harbor;1895.26;9.50;698.00;0.96;797
82;floating_harbor;2013.82;9.50;642.88;-0.98;4905
83;floating_harbor;1785.87;9.50;884.74;-3.61;6328
83;floating_harbor;1780.00;9.50;892.00;-3.14;6329
83;floating_harbor;1771.13;9.50;895.74;-2.68;6330
83;floating_harbor;1750.79;9.50;896.36;-3.46;6332
83;floating_harbor;1737.00;9.50;908.00;1.57;6333
83;floating_harbor;1735.00;9.50;916.00;1.57;6335
88;floating_harbor;2710.86;9.50;1265.37;-1.37;3869
88;floating_harbor;2708.95;9.50;1264.95;-0.79;6500
89;floating_harbor;2762.73;9.50;1305.08;-1.85;2733
89;floating_harbor;2785.87;9.50;1304.05;-3.02;3561
89;floating_harbor;2774.00;9.50;1343.00;0.00;3564
89;floating_harbor;2740.40;9.50;1336.00;0.54;4006
89;floating_harbor;2741.05;9.50;1296.05;-3.93;7942
89;floating_harbor;2771.07;9.50;1302.30;-2.52;7947
89;floating_harbor;2732.00;9.50;1336.00;0.00;7956
89;floating_harbor;2765.21;9.50;1342.64;-0.32;7960
89;floating_harbor;2792.95;9.50;1340.95;-0.79;7962
89;floating_harbor;2780.88;9.50;1306.18;-2.55;8003
90;floating_harbor;2843.00;9.50;1297.00;-2.29;2752
90;floating_harbor;2799.00;9.50;1335.00;0.00;3556
90;floating_harbor;2843.00;9.50;1297.00;-1.82;3559
90;floating_harbor;2836.00;9.50;1310.00;-1.57;3560
90;floating_harbor;2843.00;9.50;1297.00;-2.34;3563
90;floating_harbor;2757.00;9.50;1292.00;-4.36;7945
90;floating_harbor;2843.00;9.50;1297.00;-2.06;7948
90;floating_harbor;2795.60;9.50;1334.50;-0.38;7954
91;floating_harbor;2843.00;9.50;1297.00;-2.36;3562
91;floating_harbor;2843.00;9.50;1297.00;-2.59;3838
91;floating_harbor;2843.00;9.50;1297.00;-2.37;3839
91;floating_harbor;2794.00;9.50;1348.00;1.57;3841
92;floating_harbor;2887.50;9.50;1274.60;1.19;2617
93;floating_harbor;2918.63;9.50;1180.14;-3.34;3534
93;floating_harbor;2948.47;9.50;1215.37;-0.90;3541
93;floating_harbor;2936.37;9.50;1187.14;-2.94;3701
94;floating_harbor;2947.00;9.50;1188.00;-3.85;3539
94;floating_harbor;2960.00;9.50;1191.00;-3.14;6473
95;floating_harbor;2874.24;9.50;1214.43;0.40;2442
95;floating_harbor;2902.88;9.50;1183.18;-2.55;3698
95;floating_harbor;2857.00;9.50;1184.00;-3.75;3699
95;floating_harbor;2909.00;9.50;1183.00;-3.14;3700
95;floating_harbor;2878.05;9.50;1218.95;0.79;3703
95;floating_harbor;2879.10;9.50;1223.15;1.41;6224
96;floating_harbor;2856.14;9.50;1188.37;1.37;2375
96;floating_harbor;2857.00;9.50;1184.00;-0.64;3695
96;floating_harbor;2872.37;9.50;1166.14;-2.94;3696
96;floating_harbor;2893.00;9.50;1179.40;-2.11;3697
96;floating_harbor;2866.95;9.50;1164.05;-2.36;5712
96;floating_harbor;2856.13;9.50;1161.74;-2.68;5713
97;floating_harbor;2984.00;9.50;1228.00;-3.14;2566
97;floating_harbor;3027.00;9.50;1230.40;-2.11;2567
97;floating_harbor;2999.00;9.50;1230.00;-3.14;2577
97;floating_harbor;2980.95;9.50;1229.05;-2.36;5747
100;floating_harbor;3123.00;9.50;1295.00;-0.83;2600
101;floating_harbor;2919.00;9.50;1266.00;0.00;2560
101;floating_harbor;2889.10;9.50;1256.15;1.41;3706
101;floating_harbor;2879.36;9.50;1233.79;-4.39;6228
102;floating_harbor;3063.00;9.50;1256.00;-1.16;2587
102;floating_harbor;3063.00;9.50;1256.00;-3.93;2631
102;floating_harbor;3123.00;9.50;1295.00;-0.91;2672
102;floating_harbor;3033.20;9.50;1233.40;-2.50;5748
104;floating_harbor;2928.60;9.50;1275.16;-4.29;2669
104;floating_harbor;2916.80;9.50;1288.32;-3.98;2706
104;floating_harbor;2896.53;9.50;1300.92;-3.66;2753
104;floating_harbor;2860.80;9.50;1309.40;-3.79;3837
105;floating_harbor;2696.11;9.50;1740.67;-0.63;3182
105;floating_harbor;2885.46;9.50;1583.31;-1.97;5873
105;floating_harbor;2932.00;9.50;1577.00;-1.82;5876
105;floating_harbor;2837.28;9.50;1685.99;-0.04;5881
105;floating_harbor;2756.35;9.50;1705.59;-0.34;5885
106;floating_harbor;2941.87;9.50;1524.95;-0.12;4047
106;floating_harbor;2913.95;9.50;1546.95;-0.79;5866
106;floating_harbor;2929.21;9.50;1525.22;-0.48;6267
107;floating_harbor;3371.00;9.50;1386.00;-3.14;2916
107;floating_harbor;3439.00;9.50;1379.00;-1.73;4026
107;floating_harbor;3353.00;9.50;1443.00;0.00;4034
107;floating_harbor;3405.79;9.50;1407.30;-1.82;5542
107;floating_harbor;3408.95;9.50;1425.82;-1.45;5548
107;floating_harbor;3332.37;9.50;1437.86;-0.20;5549
107;floating_harbor;3391.55;9.50;1437.46;-1.21;5552
108;floating_harbor;3028.00;9.50;1984.00;0.00;3259
108;floating_harbor;3278.84;9.50;1835.40;-0.42;3270
108;floating_harbor;2992.47;9.50;1681.51;1.20;3446
108;floating_harbor;3024.05;9.50;1710.95;0.79;3451
108;floating_harbor;3033.57;9.50;1729.41;0.89;3452
108;floating_harbor;3033.14;9.50;1739.37;1.37;3456
108;floating_harbor;3032.01;9.50;1755.65;-4.66;3608
108;floating_harbor;3014.10;9.50;1792.85;-4.55;3618
108;floating_harbor;3296.63;9.50;1821.97;-0.09;3621
108;floating_harbor;3257.59;9.50;1838.35;-1.23;3630
108;floating_harbor;2978.00;9.50;1762.00;-3.32;3631
108;floating_harbor;3257.98;9.50;1849.48;-1.64;3635
108;floating_harbor;3251.73;9.50;1889.08;-1.85;3638
108;floating_harbor;3000.69;9.50;1899.97;-4.26;3639
108;floating_harbor;3193.83;9.50;1940.52;-1.35;3641
108;floating_harbor;3075.87;9.50;1977.26;0.46;3642
108;floating_harbor;3159.99;9.50;1964.32;-1.53;3643
109;floating_harbor;2949.51;9.50;1667.63;1.19;3187
109;floating_harbor;2966.01;9.50;1583.65;-4.66;4064
109;floating_harbor;2960.01;9.50;1622.30;1.53;4071
110;floating_harbor;3290.40;9.50;1427.88;-2.63;2959
110;floating_harbor;3341.13;9.50;1466.74;-2.68;2998
110;floating_harbor;3276.70;9.50;1420.93;-2.19;3653
110;floating_harbor;3241.60;9.50;1378.80;-2.21;4017
110;floating_harbor;3255.82;9.50;1398.12;-2.16;4030
110;floating_harbor;3315.20;9.50;1439.40;-2.50;4040
110;floating_harbor;3266.26;9.50;1411.87;-2.03;5546
110;floating_harbor;3326.38;9.50;1456.52;-2.27;5651
110;floating_harbor;3306.00;9.50;1429.00;-0.91;8049
110;floating_harbor;3223.13;9.50;1358.74;-2.68;8050
111;floating_harbor;3123.00;9.50;1295.00;-0.24;2684
113;floating_harbor;3217.40;9.50;1362.00;0.54;2804
113;floating_harbor;3281.79;9.50;1418.64;0.32;2872
113;floating_harbor;3305.79;9.50;1429.64;0.32;2911
113;floating_harbor;3236.40;9.50;1381.50;0.38;4014
113;floating_harbor;3254.80;9.50;1401.60;0.64;4020
114;floating_harbor;3212.13;9.50;1354.26;-0.46;2794
114;floating_harbor;3170.00;9.75;1331.00;-4.39;8045
118;floating_harbor;3123.00;9.50;1295.00;-4.00;2737
118;floating_harbor;3170.00;9.75;1331.00;-4.12;2757
119;floating_harbor;3170.00;9.75;1331.00;-1.77;2795
119;floating_harbor;3123.00;9.50;1295.00;-3.90;4005
119;floating_harbor;3123.00;9.50;1295.00;-3.83;8044
123;floating_harbor;2021.30;9.50;681.99;-4.42;850
123;floating_harbor;1966.00;9.50;728.00;1.18;933
123;floating_harbor;2006.63;9.50;693.53;-3.82;4593
125;floating_harbor;3488.12;9.50;1721.40;-1.06;3231
125;floating_harbor;3510.01;9.50;1705.73;-0.61;3587
125;floating_harbor;3482.89;9.50;1732.25;-1.39;3596
125;floating_harbor;3459.79;9.50;1742.30;-1.82;3605
125;floating_harbor;3553.00;9.50;1709.00;-2.12;3607
125;floating_harbor;3456.88;9.50;1802.29;-1.39;3620
125;floating_harbor;3416.37;9.50;1876.47;-0.67;3634
127;floating_harbor;1633.07;9.50;1240.01;-4.57;366
127;floating_harbor;1633.02;9.50;1230.42;-4.63;433
127;floating_harbor;1635.00;9.50;1258.00;1.57;2605
128;floating_harbor;3524.04;9.50;1603.30;-0.45;3138
128;floating_harbor;3657.00;9.50;1560.00;-1.57;3139
128;floating_harbor;3654.90;9.50;1598.15;-1.41;3570
128;floating_harbor;3526.69;9.50;1609.56;0.86;3571
128;floating_harbor;3553.00;9.50;1709.00;0.44;3573
129;floating_harbor;3522.85;9.50;1609.45;-1.36;3572
129;floating_harbor;3533.67;9.50;1612.04;-2.59;3575
129;floating_harbor;3533.00;9.50;1613.00;-1.73;3576
129;floating_harbor;3553.00;9.50;1709.00;0.32;3577
129;floating_harbor;3536.60;9.50;1678.20;-0.93;3578
130;floating_harbor;3440.79;9.50;1336.64;0.32;2772
130;floating_harbor;3419.63;9.50;1339.86;0.20;3647
130;floating_harbor;3456.26;9.50;1310.87;-2.03;5520
130;floating_harbor;3433.70;9.50;1312.21;-2.90;5523
130;floating_harbor;3429.00;9.50;1339.00;1.27;5524
131;floating_harbor;3515.00;9.50;1321.00;-0.92;2724
131;floating_harbor;3515.21;9.50;1292.36;-2.82;5517
131;floating_harbor;3515.00;9.50;1321.00;0.79;5519
131;floating_harbor;3515.00;9.50;1321.00;-1.57;5522
131;floating_harbor;3515.00;9.50;1321.00;-2.97;5526
132;floating_harbor;3435.37;9.50;1256.14;-2.94;2649
132;floating_harbor;3515.00;9.50;1321.00;-0.88;2682
132;floating_harbor;3473.20;9.50;1269.40;-2.50;5512
132;floating_harbor;3491.95;9.50;1277.05;-2.36;5513
132;floating_harbor;3462.00;9.50;1310.00;0.00;5515
132;floating_harbor;3457.60;9.50;1264.00;-2.60;5622
132;floating_harbor;3357.00;9.50;1272.00;-4.48;5624
133;floating_harbor;3386.95;9.50;1225.05;-2.36;2529
133;floating_harbor;3363.00;9.50;1216.00;-3.14;5500
133;floating_harbor;3348.23;9.50;1225.04;-3.25;5501
133;floating_harbor;3353.87;9.50;1266.26;0.46;5504
133;floating_harbor;3404.64;9.50;1244.79;-1.89;5618
133;floating_harbor;3366.63;9.50;1277.47;0.67;5620
134;floating_harbor;3392.36;9.50;1289.79;-4.39;2710
136;floating_harbor;3054.87;9.50;1020.74;-3.61;1884
136;floating_harbor;3051.00;9.50;1022.00;-3.22;1949
136;floating_harbor;3051.00;9.50;1022.00;-3.20;5104
136;floating_harbor;3044.21;9.50;1051.70;1.33;5117
137;floating_harbor;3065.13;9.50;991.74;-2.68;1782
137;floating_harbor;3057.36;9.50;1019.79;-4.39;3893
137;floating_harbor;3085.00;9.50;1022.00;-1.57;5191
138;floating_harbor;2746.00;9.50;1184.60;1.03;2330
138;floating_harbor;2742.50;9.50;1177.60;1.19;7863
138;floating_harbor;2747.18;9.50;1190.88;0.98;7878
139;floating_harbor;2740.10;9.50;1231.15;1.41;6484
139;floating_harbor;2739.14;9.50;1224.37;1.37;7914
139;floating_harbor;2741.18;9.50;1232.12;-4.12;7919
139;floating_harbor;2743.74;9.50;1249.13;1.11;7921
139;floating_harbor;2743.21;9.50;1212.30;-4.47;7982
140;floating_harbor;2847.86;9.50;1164.63;-1.77;3995
154;floating_harbor;2661.00;10.40;968.00;-4.07;1688
157;floating_harbor;2645.00;9.50;934.00;-0.39;1458
162;floating_harbor;2431.31;9.50;662.44;-2.28;5977
164;floating_harbor;2442.00;9.50;668.00;-2.23;6292
165;floating_harbor;2442.00;9.50;668.00;-3.74;6291
171;floating_harbor;1828.14;9.50;861.63;-4.51;1331
171;floating_harbor;1820.63;9.50;866.53;-3.82;7531
172;floating_harbor;1633.00;9.50;1136.00;1.57;1258
172;floating_harbor;1632.18;9.50;1129.88;0.98;2128
172;floating_harbor;1633.04;9.50;1152.77;1.46;2209
172;floating_harbor;1625.14;9.50;1113.37;1.37;6385
172;floating_harbor;1635.18;9.50;1148.88;0.98;6390
172;floating_harbor;1631.00;9.50;1160.00;1.57;6394
174;floating_harbor;1625.31;9.50;1175.94;-4.41;437
174;floating_harbor;1627.08;9.50;1168.94;-4.56;2338
188;floating_harbor;1661.70;9.50;1400.79;-0.24;459
188;floating_harbor;1626.74;9.50;1367.87;-4.25;469
188;floating_harbor;1642.01;9.50;1402.93;0.14;477
188;floating_harbor;1629.36;9.50;1356.79;-4.39;2850
188;floating_harbor;1646.00;9.50;1435.00;0.35;2865
188;floating_harbor;1646.00;9.50;1435.00;0.61;4586
188;floating_harbor;1621.05;9.50;1398.95;0.79;4852
189;floating_harbor;1631.00;9.50;1313.00;-4.42;552
189;floating_harbor;1637.63;9.50;1346.10;-4.29;556
189;floating_harbor;1636.05;9.50;1342.13;-4.59;585
189;floating_harbor;1646.00;9.50;1435.00;0.36;1835
189;floating_harbor;1640.18;9.50;1324.12;-4.12;2788
189;floating_harbor;1678.18;9.50;1362.88;0.98;4482
190;floating_harbor;1682.00;9.50;1413.00;1.57;547
190;floating_harbor;1681.17;9.50;1396.48;-4.49;2918
190;floating_harbor;1646.00;9.50;1435.00;0.92;5805
195;floating_harbor;2806.70;9.50;309.79;-0.24;278
195;floating_harbor;2779.63;9.50;312.47;0.67;836
195;floating_harbor;2744.00;9.50;309.00;0.00;837
195;floating_harbor;2760.40;9.50;313.00;0.54;843
195;floating_harbor;2825.64;9.50;295.21;-1.25;859
195;floating_harbor;2834.60;9.50;291.50;-0.38;881
199;floating_harbor;3219.08;9.50;1197.47;-1.05;3443
199;floating_harbor;3215.82;9.50;1179.12;-2.16;5725
199;floating_harbor;3218.50;9.50;1199.60;-1.19;5733
202;floating_harbor;3149.00;9.50;1129.00;-1.20;2176
202;floating_harbor;3134.95;9.50;1111.05;-2.36;5231
202;floating_harbor;3149.00;9.50;1129.00;-1.09;5693
203;floating_harbor;3104.00;9.50;1061.40;-2.11;3425
204;floating_harbor;3089.00;9.50;1030.00;-1.57;5102
206;floating_harbor;3026.00;9.50;1039.00;-3.36;1876
206;floating_harbor;3026.00;9.50;1039.00;1.21;3894
206;floating_harbor;3048.82;9.50;1036.12;-2.16;3895
206;floating_harbor;3048.95;9.50;1023.05;-2.36;5099
206;floating_harbor;3026.00;9.50;1039.00;-3.00;5109
206;floating_harbor;3051.00;9.50;1022.00;-2.98;5126
206;floating_harbor;3051.00;9.50;1022.00;-2.65;8274
206;floating_harbor;3026.00;9.50;1039.00;-1.57;8276
206;floating_harbor;3051.00;9.50;1022.00;-2.87;8278
207;floating_harbor;3051.00;9.50;1022.00;-3.12;5145
208;floating_harbor;1885.93;9.50;740.30;-3.76;729
208;floating_harbor;1924.83;9.50;764.52;-1.35;955
208;floating_harbor;1865.06;9.50;781.29;-4.15;1072
208;floating_harbor;1919.89;9.50;794.25;-1.39;1096
209;floating_harbor;3051.00;9.50;1022.00;-0.16;1696
209;floating_harbor;3066.99;9.50;975.44;-1.51;5184
209;floating_harbor;3055.00;9.50;992.00;0.00;5185
220;floating_harbor;2777.07;9.50;1272.70;-0.62;2610
220;floating_harbor;2746.10;9.50;1254.15;1.41;7925
220;floating_harbor;2757.00;9.50;1292.00;0.71;7927
220;floating_harbor;2757.00;9.50;1292.00;0.89;7930
220;floating_harbor;2756.40;9.50;1279.20;0.93;7931
220;floating_harbor;2748.50;9.50;1266.60;1.19;7998
226;floating_harbor;2893.26;9.50;410.13;-4.44;4238
228;floating_harbor;2829.47;9.50;1294.37;-0.90;2668
228;floating_harbor;2791.40;9.50;1307.00;0.54;3552
228;floating_harbor;2847.96;9.50;1258.77;-1.46;7926
228;floating_harbor;2845.00;9.50;1280.00;-1.57;7934
228;floating_harbor;2779.12;9.50;1290.82;0.59;7935
228;floating_harbor;2768.47;9.50;1300.51;1.20;7938
228;floating_harbor;2812.70;9.50;1305.79;-0.24;7941
228;floating_harbor;2845.26;9.50;1273.13;-1.11;8000
229;floating_harbor;2870.40;9.50;1308.50;0.38;3444
229;floating_harbor;2894.00;9.50;1301.00;-1.57;3553
229;floating_harbor;2857.95;9.50;1309.95;-0.79;3554
229;floating_harbor;2911.00;9.50;1283.00;-2.30;3555
229;floating_harbor;2843.00;9.50;1297.00;-2.72;3557
229;floating_harbor;2875.00;9.50;1306.00;-1.57;3558
230;floating_harbor;2949.13;9.50;1190.74;-2.68;2468
230;floating_harbor;2955.00;9.50;1190.00;-3.14;3537
231;floating_harbor;2663.74;9.50;1349.13;1.11;3840
231;floating_harbor;2638.12;9.50;1341.82;0.59;3890
231;floating_harbor;2647.79;9.50;1347.64;0.32;7963
231;floating_harbor;2655.87;9.50;1349.26;0.46;7965
231;floating_harbor;2696.26;9.50;1346.13;-1.11;7966
231;floating_harbor;2678.05;9.50;1360.95;0.79;7968
231;floating_harbor;2711.90;9.50;1357.85;-1.74;7969
232;floating_harbor;2900.21;9.50;597.30;-4.47;3457
232;floating_harbor;2896.14;9.50;606.63;-4.51;3458
232;floating_harbor;2927.95;9.50;592.05;-2.36;5474
233;floating_harbor;2588.13;9.63;1345.26;-0.46;3889
233;floating_harbor;2592.00;9.50;1347.00;0.00;3891
242;floating_harbor;3193.00;9.50;1139.00;-3.71;3492
243;floating_harbor;3768.63;9.50;2326.10;-4.29;970
243;floating_harbor;3618.00;9.50;2321.00;1.34;6739
243;floating_harbor;3671.00;9.50;2194.00;-4.27;6741
243;floating_harbor;3774.39;9.50;2277.42;-2.79;6751
243;floating_harbor;3618.00;9.50;2321.00;1.45;6753
243;floating_harbor;3777.80;9.50;2318.25;1.09;6755
243;floating_harbor;3618.00;9.50;2321.00;-4.60;6760
243;floating_harbor;3742.00;9.50;2343.00;1.57;6761
243;floating_harbor;3734.30;9.50;2350.93;-4.09;6763
243;floating_harbor;3618.00;9.50;2321.00;-4.48;6765
247;floating_harbor;3176.00;9.50;1134.00;-3.14;2270
248;floating_harbor;3149.00;9.50;1129.00;-3.97;2269
249;floating_harbor;3140.60;9.50;1128.00;-2.60;3479
249;floating_harbor;3144.21;9.50;1129.36;-2.82;3480
250;floating_harbor;2970.00;9.50;1221.00;0.00;3543
250;floating_harbor;2973.40;9.50;1222.50;0.38;5763
250;floating_harbor;2947.00;9.50;1188.00;-4.10;8765
252;floating_harbor;1644.40;9.50;1073.80;-4.07;1250
252;floating_harbor;1662.40;9.50;1040.00;-3.68;1678
252;floating_harbor;1670.40;9.50;1028.50;-3.52;1903
252;floating_harbor;1647.40;9.50;1056.80;-4.07;1946
252;floating_harbor;1641.00;9.50;1088.00;1.57;6376
252;floating_harbor;1637.12;9.50;1092.18;-3.73;6380
258;floating_harbor;3120.64;9.50;1085.79;-1.89;2072
258;floating_harbor;3121.26;9.50;1090.87;-2.03;3468
258;floating_harbor;3124.00;9.50;1103.00;-1.57;3470
258;floating_harbor;3146.00;9.50;1087.00;-1.31;5681
259;floating_harbor;3082.63;9.50;1057.14;-3.34;1970
259;floating_harbor;3090.00;9.70;1058.00;-2.28;3461
260;floating_harbor;3114.73;9.50;1113.92;-1.29;2104
260;floating_harbor;3115.20;9.50;1116.60;-0.64;5685
263;floating_harbor;3639.08;9.50;1529.53;-2.09;3669
264;floating_harbor;3444.00;9.70;1440.00;-2.12;3566
264;floating_harbor;3444.00;9.70;1440.00;1.41;5555
264;floating_harbor;3442.30;9.50;1427.21;-3.39;5556
264;floating_harbor;3415.14;9.50;1443.63;-4.51;5557
264;floating_harbor;3449.60;9.50;1460.00;-0.54;5558
265;floating_harbor;2932.00;9.50;1577.00;0.52;4053
267;floating_harbor;2966.00;9.50;1532.60;1.03;3568
267;floating_harbor;2972.06;9.50;1550.91;1.44;4060
270;floating_harbor;3585.06;9.50;1511.31;-2.84;3045
270;floating_harbor;3473.58;9.50;1466.02;-3.06;3658
270;floating_harbor;3494.87;9.50;1466.05;-3.02;3659
270;floating_harbor;3536.13;9.50;1475.74;-2.68;3661
270;floating_harbor;3574.00;9.50;1507.40;-2.11;3665
270;floating_harbor;3369.60;9.50;1471.50;-2.76;4051
270;floating_harbor;3409.00;9.50;1470.00;-3.14;4052
270;floating_harbor;3508.13;9.50;1468.05;-3.27;5563
270;floating_harbor;3431.01;9.50;1470.07;-3.28;5564
270;floating_harbor;3451.42;9.50;1470.02;-3.22;5565
270;floating_harbor;3386.54;9.50;1470.02;-3.06;5652
270;floating_harbor;3562.69;9.50;1496.94;-1.87;5653
270;floating_harbor;3606.70;9.50;1516.21;-2.90;5654
275;floating_harbor;2988.00;9.50;1224.00;0.00;2010
275;floating_harbor;3013.00;9.50;1219.00;0.00;2041
275;floating_harbor;3036.63;9.50;1223.86;0.20;2472
275;floating_harbor;3026.00;9.50;1221.00;0.00;5742
276;floating_harbor;3063.00;9.50;1256.00;1.57;1787
276;floating_harbor;3041.60;9.50;1236.16;-4.29;2561
276;floating_harbor;3063.00;9.50;1256.00;-4.18;2599
285;floating_harbor;3317.20;9.50;1820.76;0.26;3622
285;floating_harbor;3335.93;9.50;1833.70;0.62;3628
285;floating_harbor;3354.07;9.50;1851.01;-4.57;3632
288;floating_harbor;2920.63;9.50;1171.47;0.67;5180
290;floating_harbor;3123.26;9.50;1122.87;-2.03;3430
301;floating_harbor;2930.79;9.50;1260.64;0.32;2556
301;floating_harbor;2938.00;9.50;1268.00;1.57;2612
301;floating_harbor;2933.63;9.50;1269.47;0.67;6237
309;floating_harbor;2950.53;9.50;79.70;-2.23;138
309;floating_harbor;2936.87;9.50;110.26;0.46;145
310;floating_harbor;2645.00;9.50;934.00;-0.54;1424
312;floating_harbor;2884.71;9.50;41.82;-3.63;111
312;floating_harbor;2940.48;9.50;70.62;-2.45;452
312;floating_harbor;2915.30;9.50;36.21;-3.39;465
312;floating_harbor;2932.97;9.50;71.70;-1.47;473
312;floating_harbor;2901.74;9.50;51.87;-4.25;490
312;floating_harbor;2941.00;9.50;53.00;-1.57;502
312;floating_harbor;2912.87;9.50;99.26;0.46;1489
323;floating_harbor;3417.95;9.50;1342.95;-0.79;3649
323;floating_harbor;3404.00;9.50;1351.00;0.00;5527
328;floating_harbor;3292.00;9.50;1247.00;-3.14;2273
328;floating_harbor;3275.00;9.50;1242.00;-3.14;2602
329;floating_harbor;3238.31;9.50;1226.44;-2.28;2495
329;floating_harbor;3224.47;9.50;1207.63;-2.25;2694
346;floating_harbor;2626.42;9.50;1342.98;0.08;3886
346;floating_harbor;2615.13;9.50;1350.26;-0.46;3892
352;floating_harbor;2924.13;9.50;826.74;-2.68;1240
353;floating_harbor;2984.00;9.50;877.00;-3.14;1410
353;floating_harbor;3008.13;9.50;890.74;-2.68;1449
353;floating_harbor;3000.13;9.50;877.74;-2.68;5302
353;floating_harbor;3016.60;9.50;896.00;-2.60;5406
354;floating_harbor;3064.00;9.50;930.00;-1.36;1495
354;floating_harbor;3064.00;9.50;930.00;-1.30;5323
354;floating_harbor;3044.13;9.50;904.74;-2.68;5324
354;floating_harbor;3064.00;9.50;930.00;-1.28;5326
354;floating_harbor;3064.00;9.50;930.00;-1.64;5327
361;floating_harbor;2661.00;10.40;968.00;-0.32;3822
367;floating_harbor;2727.87;9.50;1161.26;0.46;7738
377;floating_harbor;2657.00;9.73;1006.00;0.46;8104
379;floating_harbor;2657.00;9.73;1006.00;-3.73;7745
380;floating_harbor;2635.00;10.03;1043.00;0.00;7753
380;floating_harbor;2635.00;10.03;1043.00;1.57;7761
380;floating_harbor;2635.00;10.03;1043.00;-3.56;7769
392;floating_harbor;3342.20;9.50;1275.40;-2.50;3781
392;floating_harbor;3329.94;9.50;1277.29;-2.13;3782
394;floating_harbor;3357.00;9.50;1272.00;-4.02;2739
394;floating_harbor;3360.21;9.50;1279.36;-2.82;3783
394;floating_harbor;3357.00;9.50;1272.00;-3.96;3786
394;floating_harbor;3381.95;9.50;1289.05;-2.36;5516
394;floating_harbor;3399.82;9.50;1327.88;-0.98;5521
395;floating_harbor;716.30;9.50;109.21;-3.39;173
395;floating_harbor;721.00;9.50;141.00;0.00;1040
395;floating_harbor;742.79;9.50;124.70;-1.33;1085
396;floating_harbor;796.53;9.50;31.63;-4.04;98
396;floating_harbor;824.88;9.50;69.82;-0.59;102
396;floating_harbor;793.63;9.50;38.53;-3.82;1084
396;floating_harbor;793.05;9.50;70.95;0.79;1092
396;floating_harbor;813.60;9.50;75.50;-0.38;1106
396;floating_harbor;808.30;9.50;20.21;-3.39;1113
396;floating_harbor;840.64;9.50;58.21;-1.25;1130
396;floating_harbor;830.21;9.50;34.36;-2.82;1142
396;floating_harbor;823.13;9.50;27.74;-2.68;1146
397;floating_harbor;792.26;9.50;102.13;-1.11;153
397;floating_harbor;762.00;9.50;98.00;0.00;1070
397;floating_harbor;816.00;9.50;84.00;-1.96;1082
397;floating_harbor;797.00;9.50;157.00;-0.75;1083
398;floating_harbor;678.00;9.50;150.00;0.00;194
398;floating_harbor;644.00;9.50;132.00;-4.25;1054
399;floating_harbor;3341.00;9.50;392.00;0.00;392
399;floating_harbor;3333.63;9.50;361.14;-3.34;1499
399;floating_harbor;3316.05;9.50;389.95;0.79;1523
399;floating_harbor;3379.00;9.50;347.00;-1.93;1544
399;floating_harbor;3364.50;9.50;383.60;-1.19;1556
399;floating_harbor;3354.95;9.50;364.05;-2.36;4105
401;floating_harbor;1736.14;9.50;925.37;1.37;986
401;floating_harbor;1728.18;9.50;933.12;-4.12;1552
401;floating_harbor;1714.05;9.50;947.05;-3.93;1608
401;floating_harbor;1730.74;9.50;926.87;-4.25;6337
401;floating_harbor;1724.05;9.50;936.05;-3.93;6342
401;floating_harbor;1719.80;9.50;939.40;-3.79;6344
401;floating_harbor;1708.00;9.50;955.40;-4.17;6348
401;floating_harbor;1700.21;9.50;965.30;-4.47;6350
401;floating_harbor;1698.21;9.50;979.70;1.33;6352
405;floating_harbor;4090.00;9.50;1928.00;-2.03;1626
406;floating_harbor;2908.95;9.50;805.05;-2.36;1657
406;floating_harbor;2901.26;9.50;788.13;-1.11;1756
406;floating_harbor;2908.64;9.50;799.79;-1.89;5279
406;floating_harbor;2910.70;9.50;808.21;-2.90;5282
411;floating_harbor;3080.95;9.50;1062.95;-0.79;1924
413;floating_harbor;3090.00;9.70;1058.00;-2.49;3427
414;floating_harbor;3048.00;9.50;1230.00;0.00;1675
414;floating_harbor;3042.18;9.50;1237.88;0.98;1707
418;floating_harbor;3255.77;9.50;1231.04;-3.03;2573
421;floating_harbor;3193.00;9.50;1139.00;-3.21;5704
422;floating_harbor;3193.00;9.50;1139.00;-3.33;2317
426;floating_harbor;1280.00;9.50;1752.00;-3.16;1270
426;floating_harbor;1280.00;9.50;1752.00;-4.21;1284
426;floating_harbor;1280.00;9.50;1752.00;-3.72;1302
426;floating_harbor;1302.87;9.50;1780.26;0.46;1325
426;floating_harbor;1354.00;9.50;1650.00;-4.56;1329
426;floating_harbor;1280.00;9.50;1752.00;1.47;1342
426;floating_harbor;1373.65;9.57;1705.15;0.50;1353
426;floating_harbor;1280.00;9.50;1752.00;1.18;1357
426;floating_harbor;1186.71;9.50;1871.06;-2.58;1579
426;floating_harbor;1280.00;9.50;1752.00;1.23;1951
426;floating_harbor;1280.00;9.50;1752.00;1.31;3226
426;floating_harbor;1354.04;9.50;1784.23;-4.60;3268
426;floating_harbor;1220.51;9.50;1838.47;-2.77;3332
427;floating_harbor;1507.60;9.50;1573.80;-2.21;1281
427;floating_harbor;1474.00;9.50;1493.00;-3.99;3102
427;floating_harbor;1471.00;9.50;1575.00;-4.05;3151
427;floating_harbor;1354.00;9.50;1650.00;-4.36;3172
427;floating_harbor;1473.37;9.50;1599.03;-3.23;3925
427;floating_harbor;1506.80;9.50;1621.24;-2.88;3926
427;floating_harbor;1354.00;9.50;1650.00;-4.70;3927
428;floating_harbor;1646.00;9.50;1435.00;-2.51;3008
428;floating_harbor;1542.01;9.50;1508.72;-4.67;3052
428;floating_harbor;1646.00;9.50;1435.00;-2.74;3071
428;floating_harbor;1666.12;9.50;1438.18;-3.73;5858
428;floating_harbor;1647.53;9.50;1445.92;-3.66;5860
428;floating_harbor;1646.00;9.50;1435.00;-2.69;5861
431;floating_harbor;402.00;9.50;1858.00;-4.43;1469
431;floating_harbor;623.91;9.50;1827.32;-3.44;1592
431;floating_harbor;574.64;9.50;1825.76;-2.42;3316
431;floating_harbor;429.00;9.50;2035.00;0.39;3328
431;floating_harbor;424.49;9.50;1905.47;-3.51;5064
431;floating_harbor;255.00;9.50;2030.00;0.72;5077
431;floating_harbor;519.00;9.50;2028.00;1.57;5078
432;floating_harbor;658.00;9.50;1826.00;-4.42;1354
432;floating_harbor;831.00;9.70;1852.00;-1.32;1426
432;floating_harbor;546.13;9.50;1680.74;-2.68;3220
432;floating_harbor;403.00;9.50;1663.00;1.39;5040
432;floating_harbor;653.00;9.50;1710.00;-1.69;5047
432;floating_harbor;653.44;9.50;1732.01;-3.08;5054
432;floating_harbor;712.96;9.50;1774.66;-2.70;5058
433;floating_harbor;811.82;9.50;1799.12;-2.16;1520
433;floating_harbor;760.24;9.50;1784.91;0.57;3257
434;floating_harbor;3267.01;9.50;2544.37;1.52;1283
434;floating_harbor;3220.00;9.50;2550.00;1.54;1562
434;floating_harbor;3222.40;9.50;2549.50;-3.52;1664
434;floating_harbor;3200.40;9.50;2553.50;-3.52;1708
434;floating_harbor;3162.87;9.50;2559.74;-3.61;1722
435;floating_harbor;3208.40;9.50;2602.20;0.93;1430
435;floating_harbor;3174.21;9.50;2600.64;-0.32;1800
435;floating_harbor;3243.12;9.50;2607.82;0.59;1838
435;floating_harbor;3275.79;9.50;2617.64;0.32;1845
435;floating_harbor;3318.00;9.50;2621.00;0.00;1930
435;floating_harbor;3351.63;9.50;2623.47;0.67;1931
435;floating_harbor;3368.12;9.50;2626.29;1.39;1979
435;floating_harbor;3369.36;9.50;2636.79;-4.39;1980
435;floating_harbor;3339.54;9.50;2638.45;-3.50;2471
435;floating_harbor;3364.24;9.50;2640.57;-3.55;2807
435;floating_harbor;3354.76;9.50;2683.43;-0.40;2906
435;floating_harbor;3309.05;9.50;2668.95;0.79;5657
436;floating_harbor;3394.62;9.50;2694.48;0.88;2108
436;floating_harbor;3451.84;9.50;2703.75;-0.27;2122
436;floating_harbor;3477.70;9.50;2699.53;0.66;2179
436;floating_harbor;3481.60;9.50;2720.84;1.15;6875
436;floating_harbor;3522.21;9.50;2733.64;-0.32;6876
436;floating_harbor;3482.18;9.50;2703.57;1.34;6879
437;floating_harbor;3304.21;9.50;2489.36;-2.82;1144
437;floating_harbor;3262.00;9.50;2495.00;-3.14;1151
437;floating_harbor;3235.03;9.50;2520.30;-4.61;1177
437;floating_harbor;3199.92;9.50;2523.53;-4.19;6770
439;floating_harbor;3671.00;9.50;2194.00;-3.79;6742
440;floating_harbor;487.07;9.50;2152.64;-3.57;6632
440;floating_harbor;429.00;9.50;2035.00;-3.36;7299
440;floating_harbor;532.79;9.50;2059.36;-3.46;7300
440;floating_harbor;440.00;9.50;2156.00;-0.31;7303
440;floating_harbor;440.00;9.50;2156.00;1.36;7313
440;floating_harbor;304.00;9.50;2221.00;-4.64;7322
440;floating_harbor;478.32;9.50;2267.09;0.95;7332
440;floating_harbor;882.73;9.50;2308.45;-0.40;7337
440;floating_harbor;524.08;9.50;2297.73;1.01;7338
440;floating_harbor;857.00;9.50;2368.00;-0.87;7341
440;floating_harbor;699.00;9.50;2379.00;0.40;7345
440;floating_harbor;699.00;9.50;2379.00;-0.50;7350
443;floating_harbor;1213.00;9.50;2298.00;-0.41;6641
443;floating_harbor;1252.15;9.50;2244.90;-0.17;7319
444;floating_harbor;3958.00;9.50;1827.00;-3.26;404
444;floating_harbor;3969.05;9.50;1888.05;-3.93;426
444;floating_harbor;3989.00;9.50;1881.00;-3.14;441
444;floating_harbor;4000.00;9.50;1879.00;-3.14;451
444;floating_harbor;3958.00;9.50;1827.00;-3.02;663
444;floating_harbor;4031.89;9.50;1892.75;-1.75;676
444;floating_harbor;3951.13;9.50;1928.74;-2.68;688
444;floating_harbor;3956.14;9.50;1922.37;1.37;866
444;floating_harbor;4039.64;9.50;1905.79;-1.89;6697
445;floating_harbor;3618.00;9.50;2321.00;-3.74;971
445;floating_harbor;3618.00;9.50;2321.00;-4.19;6762
445;floating_harbor;3721.37;9.50;2353.14;-2.94;6764
445;floating_harbor;3669.01;9.50;2377.44;1.51;6767
446;floating_harbor;3774.05;9.50;2047.95;0.79;343
446;floating_harbor;3758.00;9.50;1974.00;-3.62;352
446;floating_harbor;3786.05;9.50;2058.95;0.79;368
446;floating_harbor;3758.00;9.50;1974.00;-3.47;505
446;floating_harbor;3758.00;9.50;1974.00;-3.68;533
446;floating_harbor;3806.30;9.50;2068.79;0.24;551
446;floating_harbor;3779.14;9.50;2040.37;1.37;565
447;floating_harbor;4223.15;9.50;2104.10;-2.98;6835
447;floating_harbor;4253.00;9.50;2116.40;-2.11;6839
447;floating_harbor;4194.14;9.50;2126.63;-4.52;6840
447;floating_harbor;4308.00;9.50;2083.00;-2.22;6841
447;floating_harbor;4263.95;9.50;2121.05;-2.36;6842
447;floating_harbor;4289.50;9.50;2134.40;-1.95;6843
447;floating_harbor;4184.24;9.50;2122.57;-3.55;6844
448;floating_harbor;4042.73;9.50;1928.92;-1.29;702
448;floating_harbor;4051.73;9.50;1945.92;-1.29;6794
448;floating_harbor;4090.00;9.50;1928.00;-2.18;6795
448;floating_harbor;4056.79;9.50;1977.70;-1.33;6798
449;floating_harbor;4542.15;9.50;2303.90;-0.17;6801
449;floating_harbor;4575.88;9.50;2300.82;-0.59;6821
449;floating_harbor;4558.00;9.50;2313.00;-1.14;6902
450;floating_harbor;110.00;9.50;2347.00;-4.70;658
450;floating_harbor;4570.00;9.50;2383.00;1.57;7169
450;floating_harbor;4570.00;9.50;2381.00;-1.11;7170
450;floating_harbor;4566.90;9.50;2389.15;-1.41;7172
450;floating_harbor;4567.40;9.50;2385.50;-3.52;7176
450;floating_harbor;110.00;9.50;2347.00;-2.16;7177
453;floating_harbor;4349.95;9.50;2187.05;-2.36;6849
453;floating_harbor;4386.88;9.50;2195.18;-2.55;6850
453;floating_harbor;4402.15;9.50;2197.10;-2.98;6852
453;floating_harbor;4422.26;9.50;2208.13;-1.11;6853
453;floating_harbor;4431.77;9.50;2202.04;-3.03;6890
453;floating_harbor;4358.48;9.50;2201.17;-3.36;6891
453;floating_harbor;4458.20;9.50;2207.40;-2.50;6893
453;floating_harbor;4407.00;9.50;2161.00;-3.34;6894
453;floating_harbor;4482.48;9.50;2211.62;-2.45;6896
453;floating_harbor;4503.48;9.50;2215.62;-2.45;6897
453;floating_harbor;4407.00;9.50;2161.00;-4.20;6899
453;floating_harbor;4547.64;9.50;2231.79;-1.89;6901
454;floating_harbor;3082.21;9.50;423.36;-2.82;1374
454;floating_harbor;3087.21;9.50;423.36;-2.82;7508
455;floating_harbor;3778.74;9.50;2016.87;-4.25;738
455;floating_harbor;3801.40;9.50;1994.80;-4.07;764
455;floating_harbor;3758.00;9.50;1974.00;-4.67;844
455;floating_harbor;3840.50;9.50;1948.40;-4.33;885
455;floating_harbor;3867.04;9.50;1924.23;-4.60;902
455;floating_harbor;3923.13;9.50;1912.74;-2.68;913
455;floating_harbor;3758.00;9.50;1974.00;-3.85;1255
456;floating_harbor;4124.79;9.50;2083.30;-1.82;6825
456;floating_harbor;4134.21;9.50;2092.36;-2.82;6827
456;floating_harbor;4167.82;9.50;2097.12;-2.16;6828
456;floating_harbor;4143.00;9.50;2096.00;-3.14;6832
456;floating_harbor;4185.00;9.50;2013.00;-2.95;6834
456;floating_harbor;4185.00;9.50;2013.00;-3.05;6836
457;floating_harbor;4555.95;9.50;2332.95;-0.79;6805
457;floating_harbor;4586.74;9.50;2308.87;-4.25;6903
457;floating_harbor;110.00;9.50;2347.00;-1.42;6904
457;floating_harbor;4558.00;9.50;2313.00;-1.88;6905
457;floating_harbor;4572.53;9.50;2328.63;-4.04;6907
457;floating_harbor;4558.00;9.50;2313.00;-2.13;6908
457;floating_harbor;4558.00;9.50;2313.00;-2.71;6910
457;floating_harbor;4558.00;9.50;2313.00;-2.19;6911
457;floating_harbor;4558.00;9.50;2313.00;-2.40;6912
457;floating_harbor;4558.00;9.50;2335.00;-3.14;6913
457;floating_harbor;110.00;9.50;2347.00;-1.59;6914
457;floating_harbor;4558.00;9.50;2313.00;-2.25;6916
457;floating_harbor;4558.00;9.50;2313.00;-2.59;6917
457;floating_harbor;4570.00;9.50;2381.00;1.15;6919
457;floating_harbor;4570.00;9.50;2381.00;-1.11;6920
457;floating_harbor;4570.00;9.50;2381.00;-1.26;6921
461;floating_harbor;2626.24;9.50;2018.11;-2.96;6623
461;floating_harbor;2675.49;9.50;2094.47;-3.51;6635
461;floating_harbor;2105.00;9.50;2190.00;0.25;6636
461;floating_harbor;2754.12;9.50;2201.80;1.00;6638
461;floating_harbor;2880.84;9.50;2209.50;-1.36;6642
461;floating_harbor;2487.00;9.50;2225.00;-0.80;6644
461;floating_harbor;2487.00;9.50;2225.00;-4.42;6648
461;floating_harbor;2493.59;9.50;2259.43;-3.49;6653
461;floating_harbor;2458.00;9.50;2408.00;1.48;6667
461;floating_harbor;2729.00;9.50;2244.00;0.30;6729
461;floating_harbor;2744.00;9.50;2101.40;-2.11;7098
461;floating_harbor;2774.00;9.70;2107.00;-4.65;7101
461;floating_harbor;2656.78;9.50;2107.05;-2.17;7104
461;floating_harbor;2748.99;9.50;2132.65;-1.62;7105
461;floating_harbor;2804.80;9.50;2120.24;-2.88;7108
461;floating_harbor;2841.00;9.50;2123.67;-3.58;7109
461;floating_harbor;2756.98;9.50;2128.67;-2.70;7113
461;floating_harbor;2722.38;9.50;2175.48;-0.88;7115
461;floating_harbor;2895.73;9.50;2190.16;-0.74;7120
461;floating_harbor;2702.55;9.50;2199.46;-1.21;7122
461;floating_harbor;2127.00;9.50;2207.00;1.57;7125
461;floating_harbor;2639.70;9.50;2223.53;0.66;7126
461;floating_harbor;2729.00;9.50;2244.00;-1.11;7133
461;floating_harbor;2779.02;9.50;2232.58;1.49;7134
461;floating_harbor;2927.00;9.50;2241.00;-1.13;7135
461;floating_harbor;2874.20;9.50;2263.68;-0.84;7141
461;floating_harbor;2729.00;9.50;2244.00;-4.38;7144
461;floating_harbor;2697.29;9.50;2041.82;-2.65;7185
461;floating_harbor;2487.00;9.50;2225.00;-0.18;7193
461;floating_harbor;2341.15;9.50;2195.84;0.58;7194
461;floating_harbor;2487.00;9.50;2225.00;0.05;7196
461;floating_harbor;2631.64;9.50;2221.48;-0.39;7197
461;floating_harbor;2581.39;9.50;2438.58;-0.35;7198
461;floating_harbor;2299.33;9.50;2192.99;-0.05;7309
461;floating_harbor;2118.00;9.50;2156.19;1.54;7311
461;floating_harbor;2097.77;9.50;2179.78;-1.31;7315
461;floating_harbor;2231.63;9.50;2207.86;0.20;7316
461;floating_harbor;1955.97;9.50;2188.87;0.80;7404
461;floating_harbor;1923.63;9.50;2193.97;-0.09;7406
463;floating_harbor;3003.95;9.50;103.95;-0.79;150
463;floating_harbor;2984.13;9.50;113.26;-0.46;522
463;floating_harbor;2964.13;9.50;88.74;-2.68;550
463;floating_harbor;2967.00;9.50;90.00;1.57;756
465;floating_harbor;2573.01;9.50;398.93;0.14;360
465;floating_harbor;2527.00;9.50;385.00;0.00;4085
465;floating_harbor;2547.79;9.50;389.64;0.32;4088
465;floating_harbor;2535.40;9.50;388.50;0.38;4098
465;floating_harbor;2562.15;9.50;392.90;-0.17;4103
465;floating_harbor;2568.00;9.50;396.00;0.00;4109
466;floating_harbor;2704.82;9.50;378.88;-0.98;1269
466;floating_harbor;2696.47;9.50;390.08;-0.52;1291
466;floating_harbor;2706.00;9.50;378.00;0.00;1303
466;floating_harbor;2702.90;9.50;355.85;-1.74;2299
466;floating_harbor;2696.60;9.50;352.00;-0.54;2327
467;floating_harbor;2712.00;9.50;372.00;-2.86;4117
467;floating_harbor;2712.00;9.50;372.00;-2.71;4133
467;floating_harbor;2721.86;9.50;406.37;-1.37;4135
467;floating_harbor;2722.90;9.50;419.15;-1.41;4145
467;floating_harbor;2716.88;9.50;419.18;-2.55;4156
468;floating_harbor;2627.40;9.50;463.50;0.38;4174
468;floating_harbor;2632.80;9.50;473.60;0.64;4182
468;floating_harbor;2659.37;9.50;481.86;-0.20;4185
468;floating_harbor;2677.00;9.50;485.00;0.00;4186
469;floating_harbor;2601.36;9.50;401.21;1.25;4126
469;floating_harbor;2619.00;9.50;416.00;0.00;4139
469;floating_harbor;2616.00;9.50;415.00;1.57;4146
470;floating_harbor;2627.12;9.50;236.18;-3.73;705
471;floating_harbor;2639.05;9.50;233.05;-3.93;264
471;floating_harbor;2667.08;9.50;222.27;-3.42;652
471;floating_harbor;2654.30;9.50;225.21;-3.39;655
473;floating_harbor;2714.10;9.50;209.15;1.41;214
473;floating_harbor;2766.00;9.50;110.00;-2.82;1078
473;floating_harbor;2761.30;9.50;157.21;-3.39;1182
473;floating_harbor;2744.05;9.50;172.05;-3.93;1200
474;floating_harbor;2798.05;9.50;109.05;-3.93;167
474;floating_harbor;2814.63;9.50;100.14;-3.34;878
474;floating_harbor;2830.74;9.50;77.87;-4.25;1312
474;floating_harbor;2824.60;9.50;91.88;-3.65;1395
475;floating_harbor;2462.50;9.50;419.60;-1.19;4367
475;floating_harbor;2460.55;9.50;429.46;-1.21;4369
475;floating_harbor;2453.86;9.50;437.37;-1.37;4372
477;floating_harbor;3046.01;9.50;424.07;-3.28;450
477;floating_harbor;3054.95;9.50;473.95;-0.79;476
477;floating_harbor;3017.87;9.50;445.74;-3.61;492
477;floating_harbor;3076.01;9.50;460.93;0.14;1832
477;floating_harbor;3041.95;9.50;478.95;-0.79;1863
477;floating_harbor;3069.94;9.50;459.71;-1.01;4113
477;floating_harbor;3017.14;9.50;444.63;-4.51;4129
477;floating_harbor;3039.48;9.50;424.62;-2.45;4131
477;floating_harbor;3102.13;9.50;452.26;-0.46;4148
477;floating_harbor;3023.60;9.50;421.50;-2.76;7506
477;floating_harbor;3000.00;9.50;430.00;1.57;7505
477;floating_harbor;3072.93;9.50;462.99;-1.43;7518
477;floating_harbor;3072.21;9.50;460.64;-0.32;7516
477;floating_harbor;3054.01;9.50;424.07;-3.28;7510
477;floating_harbor;3061.63;9.50;423.14;-3.34;7509
477;floating_harbor;3072.00;9.50;421.00;-3.14;7507
477;floating_harbor;3090.92;9.50;459.73;-0.28;7514
477;floating_harbor;3097.20;9.50;427.40;-2.50;7512
477;floating_harbor;3106.21;9.50;427.36;-2.82;7513
478;floating_harbor;2946.74;9.50;521.13;1.11;523
478;floating_harbor;2922.82;9.50;493.12;-2.16;555
478;floating_harbor;2888.37;9.50;538.86;-0.20;581
478;floating_harbor;2913.00;9.50;536.00;0.00;4084
478;floating_harbor;2930.21;9.50;531.64;-0.32;4169
478;floating_harbor;2935.79;9.50;481.36;-3.46;4311
478;floating_harbor;2882.05;9.50;509.05;-3.93;4335
478;floating_harbor;2905.95;9.50;495.05;-2.36;4458
478;floating_harbor;2935.40;9.50;529.50;0.38;4487
478;floating_harbor;2874.21;9.50;507.70;1.33;4500
478;floating_harbor;2941.83;9.50;524.48;-1.79;6445
478;floating_harbor;2958.47;9.50;516.37;-0.90;7526
478;floating_harbor;2920.74;9.50;490.87;-4.25;7523
478;floating_harbor;2920.12;9.50;493.18;-3.73;7524
478;floating_harbor;2903.95;9.50;535.95;-0.79;7530
479;floating_harbor;3034.20;9.50;385.60;-0.64;374
479;floating_harbor;3001.87;9.50;362.74;-3.61;382
479;floating_harbor;3029.95;9.50;361.05;-2.36;5808
479;floating_harbor;3043.70;9.50;360.21;-2.90;5809
479;floating_harbor;3018.60;9.50;391.00;-0.54;5810
479;floating_harbor;3004.37;9.50;391.47;-0.67;5811
480;floating_harbor;3182.21;9.50;430.64;-0.32;425
480;floating_harbor;3150.00;9.50;396.00;-1.57;1487
480;floating_harbor;3144.10;9.50;406.85;-4.55;1932
480;floating_harbor;3151.53;9.50;391.63;-4.04;4114
481;floating_harbor;3268.24;9.50;372.57;-3.55;401
481;floating_harbor;3254.00;9.50;463.00;-0.05;1554
481;floating_harbor;3261.00;9.50;375.00;-3.14;1629
481;floating_harbor;3246.00;9.50;376.00;-3.14;1783
481;floating_harbor;3269.60;9.50;407.00;-0.54;4284
482;floating_harbor;3464.00;9.50;340.00;0.00;342
482;floating_harbor;3456.00;9.50;347.00;-1.57;1658
483;floating_harbor;3379.00;9.50;347.00;-3.68;372
483;floating_harbor;3379.00;9.50;347.00;-3.59;1593
484;floating_harbor;3546.95;9.50;231.95;-0.79;249
484;floating_harbor;3552.86;9.50;219.37;-1.37;8268
485;floating_harbor;3491.79;9.50;156.64;0.32;188
485;floating_harbor;3503.87;9.50;173.26;0.46;215
485;floating_harbor;3495.95;9.50;121.05;-2.36;8259
485;floating_harbor;3505.00;9.50;131.00;-1.57;8260
485;floating_harbor;3477.21;9.50;136.70;1.33;8261
485;floating_harbor;3505.00;9.50;140.00;-1.57;8262
485;floating_harbor;3477.21;9.50;138.30;-4.47;8263
485;floating_harbor;3494.74;9.50;164.13;1.11;8264
485;floating_harbor;3524.79;9.50;163.30;-1.82;8265
485;floating_harbor;3471.00;9.50;128.00;1.57;8291
485;floating_harbor;3478.05;9.50;150.95;0.79;8292
486;floating_harbor;3051.00;9.50;585.00;0.98;650
486;floating_harbor;3002.00;9.50;638.00;1.13;751
486;floating_harbor;3053.82;9.50;601.88;-0.98;1378
486;floating_harbor;3002.00;9.50;638.00;-3.48;1404
486;floating_harbor;3017.00;9.50;652.00;0.00;1421
486;floating_harbor;2970.00;9.50;641.00;1.57;4697
486;floating_harbor;3004.00;9.50;644.00;-1.57;8273
487;floating_harbor;3437.21;9.50;847.30;-4.47;1268
487;floating_harbor;3438.00;9.50;846.00;0.00;5494
487;floating_harbor;3459.00;9.50;844.00;-1.57;5495
487;floating_harbor;3466.88;9.50;852.18;-2.55;5496
488;floating_harbor;55.87;9.50;279.74;-3.61;311
488;floating_harbor;70.95;9.50;301.95;-0.79;1063
489;floating_harbor;1007.95;9.50;2290.95;-0.79;6647
489;floating_harbor;1088.23;9.50;2285.96;0.11;7329
490;floating_harbor;4529.34;9.50;2327.52;-0.87;6806
490;floating_harbor;4558.00;9.50;2313.00;-1.70;6812
490;floating_harbor;4519.26;9.50;2292.87;-2.03;6826
490;floating_harbor;4493.31;9.50;2283.44;-2.28;6833
494;floating_harbor;4198.05;9.50;2094.05;-3.93;6829
494;floating_harbor;4179.05;9.50;2098.05;-3.93;6830
494;floating_harbor;4308.00;9.50;2083.00;-1.79;6831
494;floating_harbor;4308.00;9.50;2083.00;-1.87;6837
494;floating_harbor;4185.00;9.50;2013.00;-3.15;6838
497;floating_harbor;3439.00;9.50;1379.00;1.26;3650
500;floating_harbor;1905.72;9.50;2193.98;-1.28;7411
500;floating_harbor;1213.00;9.50;2298.00;0.87;7418
500;floating_harbor;1885.93;9.50;2238.36;-0.43;7420
500;floating_harbor;1400.39;9.50;2254.97;0.09;7422
500;floating_harbor;1464.26;9.50;2276.00;-0.04;7423
500;floating_harbor;1575.46;9.50;2269.55;-0.36;7424
500;floating_harbor;1513.65;9.50;2296.59;0.34;7425
500;floating_harbor;1765.54;9.50;2261.55;0.36;7426
500;floating_harbor;1348.34;9.50;2266.12;0.94;7427
500;floating_harbor;1605.00;9.50;2311.00;0.21;7428
500;floating_harbor;1707.78;9.50;2277.12;-0.75;7429
501;floating_harbor;2523.59;9.50;1915.63;-1.92;5072
501;floating_harbor;2667.00;9.50;1988.00;-1.54;6617
505;floating_harbor;2681.95;9.50;1389.95;-0.79;3445
506;floating_harbor;2811.53;9.50;2095.84;0.21;3386
506;floating_harbor;2951.21;9.50;1945.36;-2.82;6616
506;floating_harbor;2890.00;9.50;1977.00;-1.90;6618
506;floating_harbor;3039.00;9.50;2006.00;-1.70;6621
506;floating_harbor;2768.80;9.50;2008.40;-3.79;7182
506;floating_harbor;2910.91;9.50;2041.09;-1.41;7184
506;floating_harbor;2774.00;9.70;2107.00;1.01;7186
507;floating_harbor;2978.00;9.50;1762.00;-0.40;3455
515;floating_harbor;3378.98;9.50;1355.42;-1.65;2814
515;floating_harbor;3375.00;9.50;1387.00;0.00;3799
515;floating_harbor;3360.47;9.50;1388.08;-0.52;3802
515;floating_harbor;3439.00;9.50;1379.00;-1.68;3803
517;floating_harbor;3397.58;9.50;1336.39;-1.22;3648
517;floating_harbor;3388.12;9.50;1353.40;-1.06;3793
518;floating_harbor;2645.00;9.50;934.00;-3.75;1531
518;floating_harbor;2645.00;9.50;934.00;-0.17;3804
525;floating_harbor;3094.00;9.50;525.40;-2.11;561
525;floating_harbor;3142.00;9.50;515.00;0.00;1516
525;floating_harbor;3113.00;9.50;512.00;-1.57;4541
526;floating_harbor;3010.86;9.50;576.63;-1.77;635
526;floating_harbor;3015.00;9.50;599.00;0.00;1436
526;floating_harbor;2994.00;9.50;597.00;0.00;1466
526;floating_harbor;3014.00;9.50;558.00;-1.57;4172
526;floating_harbor;2985.00;9.50;574.00;1.57;8272
528;floating_harbor;2762.80;9.50;1370.32;-3.98;2888
528;floating_harbor;2787.17;9.50;1371.52;1.35;3842
528;floating_harbor;2776.15;9.50;1376.10;-2.98;3843
530;floating_harbor;3369.31;9.50;2685.06;1.27;6975
531;floating_harbor;2714.90;9.50;1213.85;-1.74;3866
531;floating_harbor;2716.79;9.50;1188.70;-1.33;6467
531;floating_harbor;2717.26;9.50;1198.13;-1.11;6470
531;floating_harbor;2715.86;9.50;1202.37;-1.37;6472
531;floating_harbor;2711.95;9.50;1214.95;-0.79;6475
531;floating_harbor;2717.86;9.50;1221.63;-1.77;6483
531;floating_harbor;2719.79;9.50;1233.70;-1.33;6489
531;floating_harbor;2720.00;9.50;1236.00;-1.57;6491
532;floating_harbor;2757.00;9.50;1292.00;-1.15;3876
538;floating_harbor;2921.21;9.50;1170.64;-0.32;3996
538;floating_harbor;2897.79;9.50;1164.64;0.32;7610
538;floating_harbor;2909.00;9.50;1168.00;0.00;7611
540;floating_harbor;2855.21;9.50;1152.64;-0.32;3979
540;floating_harbor;2862.21;9.50;1153.64;-0.32;3982
540;floating_harbor;2873.00;9.50;1154.00;0.00;3986
540;floating_harbor;2867.00;9.50;1152.00;0.00;7539
541;floating_harbor;2725.00;9.50;1160.00;0.00;3913
541;floating_harbor;2724.13;9.50;1160.26;-0.46;7737
542;floating_harbor;2427.20;9.50;486.60;-0.64;4385
542;floating_harbor;2424.79;9.50;491.70;-1.33;4389
542;floating_harbor;2421.00;9.50;500.00;-1.57;4394
542;floating_harbor;2418.79;9.50;513.70;-1.33;4398
543;floating_harbor;2455.00;9.50;292.00;-3.14;4209
543;floating_harbor;2432.00;9.50;298.00;-3.14;4211
543;floating_harbor;2489.26;9.50;304.87;-2.03;4213
543;floating_harbor;2401.80;9.50;306.40;-3.79;4214
544;floating_harbor;2349.30;9.50;328.03;-3.24;4307
544;floating_harbor;2327.12;9.50;337.18;-3.73;4308
544;floating_harbor;2300.21;9.50;354.30;-4.47;4322
544;floating_harbor;2290.80;9.50;359.40;-3.79;4333
554;floating_harbor;2201.05;9.50;405.05;-3.93;4420
554;floating_harbor;2187.36;9.50;420.79;-4.39;4429
556;floating_harbor;2177.21;9.50;492.30;-4.47;4545
556;floating_harbor;2175.50;9.50;502.40;-4.33;4550
556;floating_harbor;2155.00;9.50;474.00;-3.42;4645
558;floating_harbor;2125.40;9.50;561.80;-4.07;4657
558;floating_harbor;2109.40;9.50;578.80;-4.07;4661
559;floating_harbor;2420.79;9.50;528.70;-1.33;1862
559;floating_harbor;2416.60;9.50;534.50;-2.76;4553
564;floating_harbor;2594.88;9.50;389.82;-0.59;4104
564;floating_harbor;2598.00;9.50;405.00;0.41;4106
564;floating_harbor;2597.00;9.50;391.00;0.00;4110
564;floating_harbor;2589.88;9.50;396.82;-0.59;4119
565;floating_harbor;2563.40;9.50;267.80;-4.07;4201
565;floating_harbor;2551.00;9.50;281.40;-4.17;4202
565;floating_harbor;2541.05;9.50;289.05;-3.93;4204
565;floating_harbor;2532.12;9.50;297.18;-3.73;4210
565;floating_harbor;2528.99;9.50;302.07;-3.00;4215
567;floating_harbor;2620.80;9.50;433.60;0.64;4153
567;floating_harbor;2622.40;9.50;444.20;0.93;4162
568;floating_harbor;2718.47;9.50;486.08;-0.52;4181
568;floating_harbor;2699.99;9.50;488.93;-0.14;4184
569;floating_harbor;2722.88;9.50;430.18;-2.55;4161
569;floating_harbor;2740.00;9.50;427.00;-2.88;4176
569;floating_harbor;2731.60;9.50;487.00;-0.54;4178
570;floating_harbor;2712.00;9.50;372.00;-2.44;4124
571;floating_harbor;2500.26;9.50;311.87;-2.03;4223
571;floating_harbor;2519.00;9.50;307.00;-3.14;4227
571;floating_harbor;2506.00;9.50;310.00;-3.14;4229
571;floating_harbor;2502.95;9.50;315.05;-2.36;4239
573;floating_harbor;2516.21;9.50;382.64;-0.32;4340
573;floating_harbor;2507.88;9.50;388.82;-0.59;4347
576;floating_harbor;2380.05;9.50;318.05;-3.93;4301
576;floating_harbor;2363.79;9.50;321.36;-3.46;4302
576;floating_harbor;2350.80;9.50;326.40;-3.79;4304
582;floating_harbor;2277.70;9.50;363.21;-2.90;4601
582;floating_harbor;2259.85;9.50;369.10;-3.31;4604
582;floating_harbor;2247.40;9.50;372.50;-3.52;4605
582;floating_harbor;2235.53;9.50;384.63;-4.04;4611
584;floating_harbor;2184.50;9.50;460.40;-4.33;4531
584;floating_harbor;2184.21;9.50;479.30;-4.47;4539
589;floating_harbor;2426.86;9.50;588.37;-1.37;4578
589;floating_harbor;2431.64;9.50;597.79;-1.89;4583
594;floating_harbor;2046.69;9.50;651.44;-4.00;775
594;floating_harbor;2070.77;9.50;635.35;-3.99;4588
595;floating_harbor;2098.47;9.50;592.70;-4.05;4668
595;floating_harbor;2089.40;9.50;598.00;-3.68;4669
595;floating_harbor;2072.18;9.50;613.12;-4.12;4670
595;floating_harbor;2073.02;9.50;632.46;-4.64;4677
596;floating_harbor;2144.05;9.50;545.13;-4.59;564
596;floating_harbor;2174.63;9.50;507.53;-3.82;4650
596;floating_harbor;2161.05;9.50;523.05;-3.93;4651
596;floating_harbor;2139.18;9.50;550.12;-4.12;4655
603;floating_harbor;2828.00;9.50;494.00;-3.14;390
603;floating_harbor;2851.79;9.50;533.64;0.32;449
603;floating_harbor;2797.05;9.50;486.05;-3.93;1379
603;floating_harbor;2829.00;9.50;528.00;0.00;1452
603;floating_harbor;2849.26;9.50;503.87;-2.03;1500
603;floating_harbor;2875.13;9.50;510.74;-2.68;1563
603;floating_harbor;2872.00;9.50;539.00;0.00;1607
603;floating_harbor;2823.26;9.50;490.87;-2.03;4092
603;floating_harbor;2857.82;9.50;510.12;-2.16;4094
603;floating_harbor;2801.92;9.50;501.53;-4.19;4125
603;floating_harbor;2867.95;9.50;512.05;-2.36;4183
603;floating_harbor;2835.40;9.50;531.50;0.38;4293
603;floating_harbor;2880.15;9.50;509.10;-2.98;7529
606;floating_harbor;2978.36;9.50;464.79;-4.39;504
606;floating_harbor;3052.00;9.50;508.00;-1.53;524
606;floating_harbor;3006.95;9.50;503.95;-0.79;1605
606;floating_harbor;2965.74;9.50;478.87;-4.25;4081
606;floating_harbor;3025.21;9.50;486.64;-0.32;4100
606;floating_harbor;2995.40;9.50;448.50;-3.52;4123
606;floating_harbor;3009.13;9.50;496.26;-0.46;4291
606;floating_harbor;3052.00;9.50;508.00;-1.36;4292
606;floating_harbor;2986.00;9.50;516.00;0.00;4328
606;floating_harbor;2959.60;9.50;477.00;-2.60;4411
606;floating_harbor;2964.13;9.50;514.26;-0.46;7525
606;floating_harbor;3018.00;9.50;492.00;0.00;7521
606;floating_harbor;3017.47;9.50;492.08;-0.52;7519
606;floating_harbor;3010.00;9.50;447.00;-3.14;7517
607;floating_harbor;2847.00;9.50;465.00;-3.77;4089
607;floating_harbor;2841.21;9.50;485.30;-4.47;1545
607;floating_harbor;2846.87;9.50;471.74;-3.61;7520
609;floating_harbor;2593.55;9.50;1765.85;0.21;3204
609;floating_harbor;2559.88;9.50;1808.82;-0.59;5677
609;floating_harbor;2507.20;9.50;1860.90;-0.17;5678
616;floating_harbor;1629.87;9.50;1214.26;0.46;2453
616;floating_harbor;1631.17;9.50;1224.52;1.35;2519
623;floating_harbor;3471.87;9.50;321.26;0.46;327
623;floating_harbor;3488.00;9.50;250.00;-3.16;1790
623;floating_harbor;3488.00;9.50;250.00;-3.20;8354
623;floating_harbor;3488.95;9.50;327.95;-0.79;8355
624;floating_harbor;3488.00;9.50;250.00;-3.14;309
625;floating_harbor;3511.00;9.50;263.00;-1.57;287
625;floating_harbor;3489.05;9.50;257.05;-3.93;8270
625;floating_harbor;3490.87;9.50;279.26;0.46;8271
626;floating_harbor;3503.21;9.50;256.64;-0.32;269
626;floating_harbor;3488.00;9.50;250.00;0.74;8269
627;floating_harbor;3486.87;9.50;231.26;0.46;246
627;floating_harbor;3502.26;9.50;212.87;-2.03;8267
628;floating_harbor;3475.00;9.50;176.00;-3.14;228
628;floating_harbor;3483.13;9.50;198.26;-0.46;8266
629;floating_harbor;3475.00;9.50;334.00;-3.14;1355
630;floating_harbor;3477.00;9.50;349.00;-2.12;384
631;floating_harbor;3185.95;9.50;484.05;-2.36;507
631;floating_harbor;3139.95;9.50;471.95;-0.79;4529
632;floating_harbor;3156.95;9.50;438.95;-0.79;1444
632;floating_harbor;3140.79;9.50;436.64;0.32;4187
632;floating_harbor;3133.05;9.50;415.05;-3.93;1836
632;floating_harbor;3144.40;9.50;411.80;-4.07;1879
632;floating_harbor;3168.60;9.50;433.50;-0.38;4130
633;floating_harbor;3102.00;9.50;408.00;1.27;1486
633;floating_harbor;3174.00;9.50;368.00;-3.14;397
633;floating_harbor;3160.37;9.50;369.14;-2.94;4111
634;floating_harbor;3134.40;9.50;372.80;-4.07;1491
634;floating_harbor;3132.70;9.50;370.21;-2.90;1403
634;floating_harbor;3110.79;9.50;369.36;-3.46;396
634;floating_harbor;3115.21;9.50;395.64;-0.32;1435
635;floating_harbor;3185.63;9.50;434.86;0.20;1738
635;floating_harbor;3208.47;9.50;435.08;-0.52;1706
635;floating_harbor;3222.88;9.50;430.82;-0.59;429
636;floating_harbor;3254.95;9.50;414.95;-0.79;1667
636;floating_harbor;3239.87;9.50;419.95;-0.12;1857
636;floating_harbor;3236.88;9.50;425.82;-0.59;413
637;floating_harbor;3210.21;9.50;372.36;-2.82;371
637;floating_harbor;3186.30;9.50;356.21;-3.39;4231
637;floating_harbor;3203.20;9.50;364.40;-2.50;1393
638;floating_harbor;3240.47;9.50;377.92;-2.62;4277
638;floating_harbor;3225.70;9.50;371.21;-2.90;1816
642;floating_harbor;3784.79;9.50;2050.30;-1.82;574
642;floating_harbor;3762.01;9.50;2039.07;-3.28;639
642;floating_harbor;3694.00;9.50;2077.00;1.48;725
642;floating_harbor;3792.79;9.50;2056.36;-3.46;1264
642;floating_harbor;3671.00;9.50;2194.00;0.94;3308
642;floating_harbor;3758.00;9.50;1974.00;-3.52;6701
642;floating_harbor;3758.00;9.50;1974.00;-3.81;6703
642;floating_harbor;3757.77;9.50;2069.35;-3.99;6706
642;floating_harbor;3743.65;9.50;2086.49;-4.01;6708
642;floating_harbor;3727.25;9.50;2097.86;-3.89;6711
642;floating_harbor;3671.00;9.50;2194.00;0.74;6716
642;floating_harbor;3705.02;9.50;2169.41;-4.63;6724
642;floating_harbor;3671.00;9.50;2194.00;-4.66;6726
642;floating_harbor;3783.87;9.50;2233.76;0.82;6730
642;floating_harbor;3746.27;9.50;2217.92;1.29;6731
642;floating_harbor;3794.31;9.50;2246.07;1.27;6735
643;floating_harbor;3631.45;9.50;2427.54;-4.35;975
643;floating_harbor;3594.88;9.50;2454.60;-4.21;979
643;floating_harbor;3558.70;9.50;2478.47;-3.80;980
644;floating_harbor;4185.00;9.50;2013.00;-1.89;6698
644;floating_harbor;4060.88;9.50;1983.18;-2.55;6802
644;floating_harbor;4185.00;9.50;2013.00;-1.47;6804
644;floating_harbor;4086.95;9.50;2004.05;-2.36;6808
644;floating_harbor;4100.73;9.50;2017.08;-1.85;6809
644;floating_harbor;4106.96;9.50;2027.23;-1.68;6813
644;floating_harbor;4185.00;9.50;2013.00;-2.07;6818
645;floating_harbor;4144.18;9.50;2779.88;0.98;2470
645;floating_harbor;4328.73;9.50;2805.96;-0.10;6851
645;floating_harbor;4397.00;9.50;2805.00;0.00;6854
645;floating_harbor;4478.29;9.50;2797.18;-0.49;6856
645;floating_harbor;4540.69;9.50;2784.46;-0.39;6857
645;floating_harbor;4113.01;9.50;2784.70;-0.29;6858
645;floating_harbor;4255.11;9.50;2803.68;-0.31;6865
645;floating_harbor;4586.87;9.50;2773.95;-0.12;6868
645;floating_harbor;4047.44;9.50;2787.85;-0.21;6870
645;floating_harbor;3940.00;9.50;2786.00;0.59;6871
645;floating_harbor;3940.00;9.50;2786.00;0.07;6872
645;floating_harbor;4182.77;9.50;2799.96;-0.11;6873
645;floating_harbor;3940.00;9.50;2786.00;1.12;6874
645;floating_harbor;3947.24;9.50;2734.43;0.40;6877
645;floating_harbor;156.00;9.50;2539.00;-2.14;7062
645;floating_harbor;68.00;9.50;2725.00;-1.19;7078
648;floating_harbor;4185.88;9.50;2121.18;-2.55;3390
649;floating_harbor;3410.00;9.50;2061.00;-1.28;3405
649;floating_harbor;3272.77;9.50;1968.04;-3.03;6620
649;floating_harbor;2870.06;9.50;2269.31;-2.84;6654
649;floating_harbor;2646.67;9.50;2392.00;1.13;6661
649;floating_harbor;3066.00;9.70;2196.00;-0.94;6725
649;floating_harbor;2969.79;9.50;2224.64;0.32;6732
649;floating_harbor;2967.21;9.50;2251.70;1.33;6736
649;floating_harbor;3066.00;9.70;2196.00;-2.52;6740
649;floating_harbor;2686.60;9.50;2330.45;0.88;6749
649;floating_harbor;2737.00;9.50;2291.00;0.00;6750
649;floating_harbor;3160.58;9.50;2027.22;-4.30;7088
649;floating_harbor;3108.37;9.50;2052.10;-2.00;7089
649;floating_harbor;3410.00;9.50;2061.00;-2.07;7090
649;floating_harbor;3131.44;9.50;2148.31;0.71;7092
649;floating_harbor;3410.00;9.50;2061.00;-3.20;7095
649;floating_harbor;3453.00;9.50;2233.00;-0.70;7102
649;floating_harbor;3325.71;9.50;2122.12;-3.33;7106
649;floating_harbor;3140.21;9.50;2195.70;1.33;7121
649;floating_harbor;3453.00;9.50;2233.00;-1.39;7123
649;floating_harbor;3092.38;9.50;2219.71;-4.38;7128
649;floating_harbor;3453.00;9.50;2233.00;-1.72;7129
649;floating_harbor;3066.00;9.70;2196.00;-2.88;7137
649;floating_harbor;2937.76;9.50;2272.57;-2.74;7145
649;floating_harbor;3243.33;9.50;2313.98;-1.13;7148
649;floating_harbor;2991.76;9.50;2283.43;-3.79;7149
649;floating_harbor;3133.52;9.50;2357.98;-0.07;7151
649;floating_harbor;2781.01;9.50;2277.07;-3.28;7153
649;floating_harbor;2927.00;9.50;2241.00;-3.61;7155
649;floating_harbor;2769.00;9.50;2373.00;0.82;7157
649;floating_harbor;3139.00;9.50;2404.00;-0.99;7158
649;floating_harbor;2769.00;9.50;2373.00;0.53;7160
649;floating_harbor;2767.57;9.50;2364.24;-0.92;7163
649;floating_harbor;2614.00;9.50;2372.00;1.06;7164
649;floating_harbor;2753.81;9.50;2379.63;-1.34;7166
649;floating_harbor;2814.15;9.50;2419.90;-0.17;7167
649;floating_harbor;2879.28;9.50;2423.99;-0.04;7168
649;floating_harbor;2692.56;9.50;2423.85;0.21;7173
649;floating_harbor;2746.15;9.50;2429.90;-0.17;7175
650;floating_harbor;2553.66;9.50;2618.48;-4.01;6689
650;floating_harbor;2686.61;9.50;2578.73;-2.42;6690
650;floating_harbor;2807.53;9.50;2503.95;-2.61;6783
650;floating_harbor;2928.37;9.50;2674.97;0.09;6785
650;floating_harbor;2925.69;9.50;2667.54;-2.75;6787
650;floating_harbor;3410.07;9.50;2714.18;-2.33;6866
650;floating_harbor;2983.68;9.50;2534.09;-1.27;7225
650;floating_harbor;2744.93;9.50;2503.06;-3.01;7230
650;floating_harbor;2687.00;9.50;2504.00;-3.14;7231
650;floating_harbor;2873.22;9.50;2506.23;-3.40;7232
650;floating_harbor;2841.92;9.50;2506.27;-2.86;7233
650;floating_harbor;2776.85;9.50;2562.35;1.07;7235
650;floating_harbor;2716.00;9.70;2563.00;0.86;7237
650;floating_harbor;2988.79;9.50;2546.30;-1.82;7238
650;floating_harbor;2765.00;9.50;2603.00;1.54;7240
650;floating_harbor;3039.61;9.50;2563.01;-3.20;7244
650;floating_harbor;3006.72;9.50;2560.97;-2.18;7245
650;floating_harbor;2768.15;9.50;2606.90;-0.17;7246
650;floating_harbor;2765.00;9.50;2603.00;-4.70;7249
650;floating_harbor;3024.93;9.50;2614.01;-1.71;7250
650;floating_harbor;3095.01;9.50;2618.27;-2.53;7251
650;floating_harbor;2794.45;9.50;2615.97;-3.67;7252
650;floating_harbor;3101.00;9.50;2595.00;-1.89;7253
650;floating_harbor;2848.00;9.50;2654.00;0.90;7254
650;floating_harbor;2770.54;9.50;2665.98;-0.08;7255
650;floating_harbor;3151.70;9.50;2629.93;-2.19;7256
650;floating_harbor;3214.88;9.50;2643.18;-2.55;7257
650;floating_harbor;2848.00;9.50;2654.00;1.24;7258
650;floating_harbor;2959.49;9.50;2682.06;0.52;7259
650;floating_harbor;2764.33;9.50;2666.90;-4.09;7261
650;floating_harbor;2967.85;9.50;2680.65;-4.21;7262
650;floating_harbor;2874.90;9.50;2664.63;-2.71;7263
650;floating_harbor;2653.03;9.50;2684.30;-4.61;7264
650;floating_harbor;3399.00;9.50;2699.00;-1.54;7265
650;floating_harbor;2959.99;9.50;2679.07;-3.00;7267
650;floating_harbor;2749.61;9.50;2742.97;-0.09;7268
650;floating_harbor;2693.71;9.50;2737.88;0.19;7269
650;floating_harbor;2802.35;9.50;2751.99;-0.05;7271
650;floating_harbor;2631.00;9.50;2700.00;-3.14;7272
650;floating_harbor;3286.92;9.50;2776.73;-0.28;7273
650;floating_harbor;3138.06;9.50;2778.69;-0.30;7275
650;floating_harbor;2909.91;9.50;2766.91;0.16;7276
650;floating_harbor;2867.42;9.50;2752.98;0.08;7277
650;floating_harbor;3044.01;9.50;2777.70;-0.29;7278
650;floating_harbor;3210.00;9.50;2782.00;0.00;7279
650;floating_harbor;2950.07;9.50;2772.36;0.43;7280
650;floating_harbor;2629.40;9.50;2572.55;-2.26;7368
650;floating_harbor;2480.00;9.50;2604.00;-4.70;7369
650;floating_harbor;2727.22;9.50;2595.33;-2.30;7371
650;floating_harbor;2754.00;9.50;2634.00;0.54;7372
650;floating_harbor;2480.00;9.50;2604.00;-3.40;7374
650;floating_harbor;2674.47;9.50;2659.37;-0.90;7375
650;floating_harbor;2547.42;9.50;2616.15;-2.94;7376
650;floating_harbor;2724.99;9.50;2646.37;-1.52;7377
650;floating_harbor;2459.00;9.50;2743.00;0.38;7378
650;floating_harbor;2635.39;9.50;2677.58;-0.35;7379
650;floating_harbor;2547.86;9.50;2703.64;0.63;7380
651;floating_harbor;2541.00;9.50;2543.00;-4.65;6685
651;floating_harbor;2495.85;9.50;2541.10;-3.31;6784
651;floating_harbor;2715.13;9.50;2436.74;-2.68;7200
651;floating_harbor;2862.49;9.50;2438.47;-3.51;7201
651;floating_harbor;2755.87;9.50;2437.05;-3.02;7202
651;floating_harbor;2806.15;9.50;2438.10;-2.98;7203
651;floating_harbor;2665.47;9.50;2443.63;-2.25;7204
651;floating_harbor;2989.00;9.50;2437.00;-1.94;7206
651;floating_harbor;2616.63;9.50;2443.14;-3.34;7207
651;floating_harbor;2575.00;9.50;2458.40;-4.17;7208
651;floating_harbor;2679.00;9.50;2489.00;0.00;7209
651;floating_harbor;2715.63;9.50;2487.97;-0.09;7210
651;floating_harbor;2883.99;9.50;2495.73;0.61;7216
651;floating_harbor;2752.30;9.50;2483.97;0.10;7217
651;floating_harbor;2788.00;9.50;2491.00;0.00;7218
651;floating_harbor;2835.16;9.50;2497.75;0.27;7219
651;floating_harbor;2626.97;9.50;2500.65;-1.02;7220
651;floating_harbor;2654.84;9.50;2496.40;-0.42;7221
651;floating_harbor;2583.15;9.50;2526.90;-0.17;7226
651;floating_harbor;2636.47;9.50;2497.63;-2.25;7227
651;floating_harbor;2490.61;9.50;2537.58;0.35;7228
651;floating_harbor;2541.00;9.50;2543.00;1.34;7234
651;floating_harbor;2480.00;9.50;2604.00;-0.81;7243
652;floating_harbor;2196.27;9.50;2233.04;-3.25;6645
652;floating_harbor;2029.65;9.50;2213.01;-3.19;6646
652;floating_harbor;1940.47;9.50;2303.02;-3.08;6659
652;floating_harbor;1767.45;9.50;2440.09;-0.52;6662
652;floating_harbor;1939.74;9.50;2232.87;-4.25;7330
652;floating_harbor;2340.21;9.50;2242.64;-0.32;7331
652;floating_harbor;2326.00;9.50;2226.00;-1.57;7333
652;floating_harbor;2111.28;9.50;2229.46;-2.48;7334
652;floating_harbor;2326.00;9.50;2226.00;-1.99;7335
652;floating_harbor;2153.60;9.50;2243.00;-2.60;7336
652;floating_harbor;1879.40;9.50;2250.80;-4.07;7340
652;floating_harbor;2291.32;9.50;2263.50;-2.48;7343
652;floating_harbor;2240.24;9.50;2319.57;-0.65;7344
652;floating_harbor;1883.80;9.50;2297.68;0.84;7346
652;floating_harbor;1967.74;9.50;2300.13;1.11;7348
652;floating_harbor;2339.95;9.50;2312.95;-0.79;7351
652;floating_harbor;2223.41;9.50;2344.81;-1.16;7352
652;floating_harbor;1856.30;9.50;2301.21;-3.39;7354
652;floating_harbor;2114.04;9.50;2359.72;1.47;7356
652;floating_harbor;1714.70;9.50;2336.81;-2.41;7357
652;floating_harbor;1936.28;9.50;2388.54;-0.66;7358
652;floating_harbor;2041.00;9.50;2413.00;0.49;7360
652;floating_harbor;1813.45;9.50;2342.97;-3.67;7361
652;floating_harbor;1815.00;9.50;2385.00;-4.46;7362
652;floating_harbor;1604.14;9.50;2394.37;1.37;7363
652;floating_harbor;1994.47;9.50;2394.37;-0.90;7364
652;floating_harbor;2149.00;9.50;2439.00;0.10;7365
652;floating_harbor;1815.00;9.50;2385.00;-4.27;7366
652;floating_harbor;1701.22;9.50;2449.67;-0.84;7367
653;floating_harbor;2033.55;9.50;2445.73;-2.23;6671
653;floating_harbor;1906.40;9.50;2458.50;-3.52;6673
653;floating_harbor;1764.21;9.50;2499.89;-3.89;6678
653;floating_harbor;2015.00;9.50;2633.00;0.22;6686
653;floating_harbor;2094.93;9.50;2514.70;0.62;7212
653;floating_harbor;1799.00;9.50;2496.00;0.00;7222
653;floating_harbor;1970.75;9.50;2575.89;0.18;7239
653;floating_harbor;1921.00;9.50;2553.00;-3.14;7242
653;floating_harbor;2015.00;9.50;2633.00;-0.04;7248
654;floating_harbor;2326.00;9.50;2226.00;-4.54;6650
654;floating_harbor;2410.98;9.50;2347.28;-2.86;6663
654;floating_harbor;2298.74;9.50;2394.13;1.11;6665
654;floating_harbor;2470.00;9.50;2450.40;-4.17;6672
654;floating_harbor;2361.54;9.50;2459.45;-3.50;6674
654;floating_harbor;2238.75;9.50;2520.89;0.18;6675
654;floating_harbor;2269.00;9.50;2561.00;-3.14;6687
654;floating_harbor;2241.00;9.50;2714.00;1.05;6786
654;floating_harbor;2364.30;9.50;2430.79;0.24;7199
654;floating_harbor;2232.79;9.50;2465.30;-1.82;7214
654;floating_harbor;2321.12;9.50;2510.66;-0.63;7223
654;floating_harbor;2269.00;9.50;2561.00;1.04;7224
654;floating_harbor;2199.95;9.50;2556.95;-0.79;7236
655;floating_harbor;3608.00;9.50;2775.00;1.17;2049
655;floating_harbor;3608.00;9.50;2775.00;1.02;2050
655;floating_harbor;3546.16;9.50;2734.40;0.42;6881
655;floating_harbor;3570.52;9.50;2741.38;0.69;6882
655;floating_harbor;3650.87;9.50;2748.95;-0.12;6887
655;floating_harbor;3609.40;9.50;2745.50;0.38;6889
656;floating_harbor;3863.76;9.50;2749.98;-0.97;2000
656;floating_harbor;3797.08;9.50;2725.05;1.42;2017
656;floating_harbor;3608.00;9.50;2775.00;1.25;2048
657;floating_harbor;3524.00;9.50;2486.00;-3.14;1055
657;floating_harbor;3469.80;9.50;2495.40;-3.79;1071
657;floating_harbor;3441.70;9.50;2498.21;-2.90;1101
657;floating_harbor;3411.70;9.50;2495.21;-2.90;1110
657;floating_harbor;3355.47;9.50;2496.49;-4.35;1119
657;floating_harbor;3334.63;9.50;2495.14;-3.34;1128
660;floating_harbor;156.00;9.50;2539.00;-1.72;7048
660;floating_harbor;156.00;9.50;2539.00;-1.92;7055
667;floating_harbor;4185.00;9.50;2013.00;-1.71;1669
667;floating_harbor;4090.00;9.50;1928.00;-2.33;3338
667;floating_harbor;4185.00;9.50;2013.00;-1.89;7091
667;floating_harbor;4185.00;9.50;2013.00;-2.17;7096
668;floating_harbor;4558.00;9.50;2313.00;-2.19;2371
668;floating_harbor;4558.00;9.50;2313.00;-1.27;7152
668;floating_harbor;4558.00;9.50;2313.00;-2.14;7162
669;floating_harbor;4578.93;9.50;2246.64;-2.71;1871
669;floating_harbor;4491.16;9.50;2288.73;-0.83;6516
670;floating_harbor;4326.67;9.50;2173.53;-2.75;3135
670;floating_harbor;4321.76;9.50;2165.20;-1.83;7119
670;floating_harbor;4407.00;9.50;2161.00;-2.28;7131
676;floating_harbor;156.00;9.50;2539.00;-1.45;6929
677;floating_harbor;156.00;9.50;2539.00;-1.59;6942
680;floating_harbor;3259.45;9.50;2545.46;1.21;6949
680;floating_harbor;3227.87;9.50;2550.26;0.46;6951
684;floating_harbor;2635.00;10.03;1043.00;-3.14;7493
688;floating_harbor;1775.79;9.50;888.70;-1.33;453
688;floating_harbor;1803.01;9.50;844.07;-3.28;1304
691;floating_harbor;2476.70;9.50;400.79;-0.24;4357
691;floating_harbor;2490.70;9.50;398.79;-0.24;4358
691;floating_harbor;2503.95;9.50;390.95;-0.79;4359
691;floating_harbor;2467.88;9.50;411.82;-0.59;4363
692;floating_harbor;2718.82;9.50;1168.88;-0.98;2283
692;floating_harbor;2717.00;9.50;1177.00;-1.57;7837
707;floating_harbor;2861.55;9.50;1153.46;-1.21;7605
723;floating_harbor;2635.00;10.03;1043.00;-3.07;7775
734;floating_harbor;2845.00;9.50;1160.00;-1.57;7846
736;floating_harbor;2736.12;9.50;1168.82;0.59;3993
736;floating_harbor;2744.48;9.50;1176.83;0.22;7847
736;floating_harbor;2740.00;9.50;1174.60;1.03;7857
739;floating_harbor;2747.00;9.50;1193.00;1.57;7882
739;floating_harbor;2747.36;9.50;1204.21;1.25;7897
743;floating_harbor;2857.00;9.50;1184.00;-3.65;2441
743;floating_harbor;2864.88;9.50;1183.18;-2.55;7885
743;floating_harbor;2857.00;9.50;1184.00;-3.83;7889
743;floating_harbor;2871.64;9.50;1209.21;-1.25;7902
744;floating_harbor;2745.00;9.50;1208.00;1.57;7979
745;floating_harbor;2829.79;9.50;1229.30;-1.82;4001
745;floating_harbor;2832.60;9.50;1232.80;-2.21;7920
745;floating_harbor;2842.90;9.50;1245.85;-1.74;7923
745;floating_harbor;2829.08;9.50;1231.47;-1.05;7984
746;floating_harbor;2731.95;9.50;1291.05;-2.36;4004
746;floating_harbor;2757.00;9.50;1292.00;-1.36;7937
746;floating_harbor;2741.88;9.50;1296.18;-2.55;7944
746;floating_harbor;2724.88;9.50;1337.82;-0.59;7957
746;floating_harbor;2719.60;9.50;1343.20;-0.93;7964
746;floating_harbor;2704.13;9.50;1350.26;-0.46;7967
747;floating_harbor;2739.95;9.50;451.95;-0.79;4171
758;floating_harbor;2611.00;9.50;857.00;-3.46;5825
759;floating_harbor;2614.00;9.88;828.00;-3.12;8029
763;floating_harbor;3026.00;9.50;1039.00;-1.74;5371
763;floating_harbor;3026.00;9.50;1039.00;-2.68;8279
763;floating_harbor;3026.00;9.50;1039.00;-3.23;8281
764;floating_harbor;3051.00;9.50;1022.00;-0.23;5187
764;floating_harbor;3053.64;9.50;998.79;-1.89;5189
764;floating_harbor;3051.00;9.50;1022.00;-0.83;5192
764;floating_harbor;3052.00;9.50;1018.00;-1.57;5193
764;floating_harbor;3026.00;9.50;1039.00;0.66;5196
769;floating_harbor;3052.00;9.50;927.00;-3.14;1559
769;floating_harbor;3068.00;9.50;960.00;-1.39;1623
769;floating_harbor;3056.70;9.50;953.93;-2.19;1633
769;floating_harbor;3061.40;9.50;922.00;-3.68;5329
769;floating_harbor;3064.00;9.50;930.00;-1.75;5332
769;floating_harbor;3064.00;9.50;930.00;-1.76;5333
769;floating_harbor;3066.20;9.50;935.40;-2.50;5336
769;floating_harbor;3055.95;9.50;955.95;-0.79;5340
769;floating_harbor;3070.00;9.50;956.00;-1.57;5342
769;floating_harbor;3068.00;9.50;960.00;-1.39;5343
770;floating_harbor;2968.55;9.50;862.54;-1.93;1346
770;floating_harbor;2979.95;9.50;875.05;-2.36;1367
778;floating_harbor;2835.95;9.50;180.13;-1.70;209
778;floating_harbor;2841.83;9.50;216.48;-1.79;1225
778;floating_harbor;2838.98;9.50;200.58;-1.49;1188
779;floating_harbor;2832.79;9.50;165.30;-1.82;1107
780;floating_harbor;2842.79;9.50;237.30;-1.82;1203
780;floating_harbor;2847.93;9.50;262.99;-1.43;232
783;floating_harbor;2728.50;9.50;1259.40;-1.95;2594
783;floating_harbor;2722.00;9.50;1241.00;-1.57;6494
783;floating_harbor;2726.00;9.50;1252.00;-1.57;6495
783;floating_harbor;2731.60;9.50;1289.50;-0.38;6501
785;floating_harbor;2442.79;9.50;450.70;-1.33;4378
785;floating_harbor;2434.86;9.50;464.37;-1.37;4382
787;floating_harbor;2180.80;9.50;448.60;0.64;4443
787;floating_harbor;2188.52;9.50;455.38;0.69;4446
787;floating_harbor;2155.00;9.50;474.00;1.08;4468
791;floating_harbor;2692.26;9.50;305.13;-1.11;288
793;floating_harbor;2605.30;9.50;239.21;-3.39;277
793;floating_harbor;2578.74;9.50;253.87;-4.25;2152
794;floating_harbor;2684.64;9.50;308.79;-1.89;329
794;floating_harbor;2692.88;9.50;316.18;-2.55;2220
795;floating_harbor;2711.63;9.50;221.14;-3.34;252
795;floating_harbor;2713.27;9.50;220.08;-4.43;805
796;floating_harbor;2712.20;9.50;308.60;-0.64;281
796;floating_harbor;2723.94;9.50;308.92;0.15;849
798;floating_harbor;2688.30;9.50;216.21;-3.39;258
798;floating_harbor;2678.85;9.50;218.10;-3.31;486
798;floating_harbor;2709.82;9.50;220.12;-2.16;559
798;floating_harbor;2715.00;9.50;225.40;-2.11;592
799;floating_harbor;2762.14;9.50;150.63;-4.51;174
799;floating_harbor;2766.00;9.50;110.00;-4.28;998
799;floating_harbor;2781.21;9.50;118.36;-2.82;1356
799;floating_harbor;2766.00;9.50;110.00;-4.00;2119
800;floating_harbor;2858.00;9.50;123.60;-1.03;141
800;floating_harbor;2838.31;9.50;152.56;-0.86;991
800;floating_harbor;2834.55;9.50;158.46;-1.21;1189
800;floating_harbor;2848.95;9.50;132.87;-1.45;2090
801;floating_harbor;2879.00;9.50;63.00;-3.14;131
801;floating_harbor;2853.87;9.50;64.74;-3.61;419
801;floating_harbor;2875.55;9.50;106.46;-1.21;430
801;floating_harbor;2897.99;9.50;96.93;-0.14;440
801;floating_harbor;2885.92;9.50;100.73;-0.28;1159
801;floating_harbor;2880.91;9.50;97.76;-1.00;1160
802;floating_harbor;2989.80;9.50;41.40;-3.79;114
802;floating_harbor;2980.74;9.50;71.87;-4.25;466
802;floating_harbor;2980.00;9.50;61.00;1.57;500
802;floating_harbor;3013.48;9.50;93.38;-0.69;534
805;floating_harbor;1958.36;9.50;783.21;1.25;1048
805;floating_harbor;1973.40;9.50;738.67;-4.37;4595
807;floating_harbor;3551.95;9.50;78.95;-0.79;47
807;floating_harbor;3588.00;9.50;66.00;-0.31;8654
807;floating_harbor;3584.00;9.50;34.00;-1.57;8666
807;floating_harbor;3578.00;9.50;33.00;-1.57;8668
807;floating_harbor;3581.26;9.50;53.13;-1.11;8675
808;floating_harbor;3242.00;9.50;195.00;-1.57;230
808;floating_harbor;3268.95;9.50;191.95;-0.79;1729
809;floating_harbor;3621.79;9.50;10.64;0.32;50
809;floating_harbor;3655.87;9.50;9.26;0.46;51
809;floating_harbor;3645.82;9.50;6.88;-0.98;8638
809;floating_harbor;3676.95;9.50;7.95;-0.79;8639
809;floating_harbor;3678.05;9.50;7.95;0.79;8640
810;floating_harbor;3608.95;9.50;21.95;-0.79;48
810;floating_harbor;3620.60;9.50;12.20;-0.93;8637
810;floating_harbor;3588.00;9.50;66.00;-0.23;8656
811;floating_harbor;3445.76;9.50;163.20;-1.83;8349
811;floating_harbor;3342.00;9.50;178.00;-1.57;8350
811;floating_harbor;3356.00;9.50;177.00;-1.57;8351
812;floating_harbor;3185.40;9.57;150.20;0.93;184
812;floating_harbor;3192.07;9.50;102.70;-0.62;8359
812;floating_harbor;3184.95;9.50;111.95;-0.79;8361
812;floating_harbor;3192.74;9.50;106.13;1.11;8363
812;floating_harbor;3180.86;9.50;123.37;-1.37;8365
812;floating_harbor;3195.10;9.50;115.85;-4.55;8366
812;floating_harbor;3192.74;9.50;120.87;-4.25;8369
812;floating_harbor;3188.00;9.50;127.40;-4.17;8371
812;floating_harbor;3190.86;9.50;137.63;-1.77;8372
812;floating_harbor;3188.86;9.50;157.63;-1.77;8383
812;floating_harbor;3188.64;9.50;169.79;-1.89;8385
813;floating_harbor;3352.21;9.50;144.64;-0.32;157
813;floating_harbor;3315.21;9.50;146.64;-0.32;179
813;floating_harbor;3295.95;9.50;143.95;-0.79;8345
813;floating_harbor;3369.47;9.50;134.37;-0.90;8428
813;floating_harbor;3294.63;9.50;144.86;0.20;8437
813;floating_harbor;3303.00;9.50;146.00;0.00;8439
813;floating_harbor;3313.18;9.50;145.88;0.98;8444
813;floating_harbor;3335.00;9.50;151.00;0.00;8446
814;floating_harbor;3263.00;9.50;173.00;0.00;201
814;floating_harbor;3289.00;9.50;155.60;-1.03;8376
814;floating_harbor;3203.79;9.50;164.64;0.32;8377
814;floating_harbor;3270.00;9.50;205.00;-0.82;8381
814;floating_harbor;3247.52;9.50;177.83;-0.22;8384
815;floating_harbor;3402.63;9.50;142.86;0.20;168
815;floating_harbor;3418.95;9.50;158.95;-0.79;8348
815;floating_harbor;3413.63;9.50;144.86;0.20;8435
815;floating_harbor;3451.13;9.50;141.26;-0.46;8436
815;floating_harbor;3460.00;9.50;165.00;-0.53;8438
815;floating_harbor;3427.70;9.50;150.79;-0.24;8442
815;floating_harbor;3437.00;9.50;153.00;0.00;8443
815;floating_harbor;3460.00;9.50;165.00;-0.45;8445
815;floating_harbor;3406.05;9.50;147.95;0.79;8447
815;floating_harbor;3460.13;9.50;134.74;-2.68;8448
815;floating_harbor;3468.00;9.50;152.00;0.00;8449
815;floating_harbor;3420.00;9.50;147.00;-1.57;8450
816;floating_harbor;3504.86;9.50;87.63;-1.77;146
816;floating_harbor;3501.47;9.50;87.08;-0.52;8407
816;floating_harbor;3511.00;9.50;90.00;0.00;8408
816;floating_harbor;3525.85;9.50;89.90;0.17;8409
816;floating_harbor;3535.00;9.50;133.00;-0.67;8410
816;floating_harbor;3515.00;9.50;87.00;-1.57;8413
816;floating_harbor;3507.95;9.50;93.95;-0.79;8414
816;floating_harbor;3507.95;9.50;99.95;-0.79;8416
816;floating_harbor;3502.26;9.50;94.87;-2.03;8417
816;floating_harbor;3505.00;9.50;95.00;-3.14;8418
816;floating_harbor;3505.26;9.50;112.13;-1.11;8419
816;floating_harbor;3460.00;9.50;165.00;0.42;8422
817;floating_harbor;3459.46;9.50;134.55;-0.36;8570
817;floating_harbor;3376.60;9.50;133.50;-0.38;8574
817;floating_harbor;3383.87;9.50;134.26;0.46;8575
818;floating_harbor;3196.50;9.50;110.60;1.19;129
821;floating_harbor;3138.40;9.50;175.50;0.38;210
821;floating_harbor;3132.99;9.50;170.93;-0.14;8616
821;floating_harbor;3152.85;9.50;184.90;0.17;8619
821;floating_harbor;3161.05;9.50;188.95;0.79;8620
821;floating_harbor;3206.15;9.50;194.35;-1.07;8621
822;floating_harbor;3017.00;9.50;142.00;0.15;8356
822;floating_harbor;3003.60;9.50;22.16;-4.29;8695
822;floating_harbor;2998.62;9.50;28.52;-4.02;8697
822;floating_harbor;2995.12;9.50;34.18;-3.73;8700
823;floating_harbor;3007.04;9.50;1.23;-4.60;91
825;floating_harbor;3028.30;9.50;70.79;0.24;8676
825;floating_harbor;3024.62;9.50;80.48;0.88;8681
827;floating_harbor;3059.18;9.50;123.88;0.98;37
827;floating_harbor;3042.53;9.50;100.08;0.52;121
827;floating_harbor;3050.40;9.50;112.50;0.38;8613
829;floating_harbor;3080.00;9.50;158.00;0.00;162
829;floating_harbor;3093.87;9.50;162.26;0.46;192
829;floating_harbor;3084.30;9.50;164.79;0.24;8693
839;floating_harbor;2620.43;9.50;1360.58;-2.46;2857
849;floating_harbor;1680.20;9.50;1420.60;-0.64;516
162;floating_harbor;2429.00;9.50;655.00;-1.57;754
162;floating_harbor;2439.73;9.50;623.92;-1.29;5966
162;floating_harbor;2440.00;9.50;632.00;-1.57;5967
164;floating_harbor;2442.00;9.50;668.00;-3.22;870
164;floating_harbor;2440.70;9.50;681.99;-1.86;5983
42;floating_harbor;2500.00;9.50;723.00;-3.22;6007
758;floating_harbor;2611.00;9.50;857.00;0.13;6536
759;floating_harbor;2614.00;9.88;828.00;-3.19;8031
157;floating_harbor;2614.00;9.88;828.00;-3.27;5831
310;floating_harbor;2645.00;9.50;934.00;-3.46;1558
154;floating_harbor;2657.00;9.73;1006.00;0.67;8056
379;floating_harbor;2657.00;9.73;1006.00;-2.65;7748
753;floating_harbor;2647.00;9.50;742.00;-2.14;964
753;floating_harbor;2650.00;9.50;721.00;-2.57;2138
753;floating_harbor;2606.00;9.78;773.00;0.66;8784
753;floating_harbor;2634.00;9.50;717.00;-3.14;8790
753;floating_harbor;2649.64;9.50;727.79;-1.89;8791
753;floating_harbor;2635.95;9.50;723.05;-2.36;8792
752;floating_harbor;2635.00;9.50;751.40;-2.11;4585
752;floating_harbor;2650.00;9.50;721.00;-3.06;4837
752;floating_harbor;2650.00;9.50;721.00;-2.75;5928
752;floating_harbor;2640.50;9.50;757.40;-1.95;5937
752;floating_harbor;2651.95;9.50;760.95;-0.79;8734
752;floating_harbor;2647.00;9.50;742.00;0.89;8783
18;floating_harbor;2606.00;9.78;773.00;-2.76;1058
18;floating_harbor;2649.95;9.50;758.05;-2.36;1059
18;floating_harbor;2606.00;9.78;773.00;0.59;4569
18;floating_harbor;2679.00;9.53;747.00;-2.09;5938
19;floating_harbor;2608.05;9.50;724.05;-3.93;2088
19;floating_harbor;2606.00;9.78;773.00;-2.36;2620
19;floating_harbor;2606.00;9.78;773.00;0.40;8795
20;floating_harbor;2596.79;9.50;737.30;-1.82;997
20;floating_harbor;2531.05;9.50;742.05;-3.93;1004
20;floating_harbor;2558.12;9.50;737.18;-3.73;2016
20;floating_harbor;2596.00;9.50;730.00;-3.41;2097
20;floating_harbor;2596.00;9.50;730.00;-2.73;2125
20;floating_harbor;2549.13;9.50;739.05;-3.27;2563
20;floating_harbor;2551.87;9.50;738.74;-3.61;5929
20;floating_harbor;2584.76;9.50;738.57;-2.74;5930
754;floating_harbor;2608.00;9.82;814.00;-0.59;1132
754;floating_harbor;2611.00;9.50;857.00;0.00;1238
754;floating_harbor;2608.00;9.82;814.00;-0.90;2673
156;floating_harbor;2608.00;9.82;814.00;-3.93;1136
156;floating_harbor;2608.00;9.82;814.00;-3.68;1248
156;floating_harbor;2608.00;9.82;814.00;-0.42;4927
155;floating_harbor;2679.00;9.53;747.00;-2.74;1060
155;floating_harbor;2666.60;9.50;757.00;-2.60;5940
155;floating_harbor;2685.70;9.50;756.21;-2.90;6572
155;floating_harbor;2692.21;9.50;755.36;-2.82;6573
155;floating_harbor;2675.30;9.50;754.03;-3.24;6575
22;floating_harbor;2679.00;9.53;747.00;-4.14;1065
22;floating_harbor;2679.00;9.53;747.00;-3.86;1074
22;floating_harbor;2679.00;9.53;747.00;-3.87;5492
22;floating_harbor;2700.21;9.50;756.36;-2.82;6571
22;floating_harbor;2679.00;9.53;747.00;-3.87;6576
22;floating_harbor;2722.13;9.50;759.74;-2.68;8785
13;floating_harbor;2767.05;9.50;758.87;1.45;1012
13;floating_harbor;2759.87;9.50;757.74;-3.61;1069
13;floating_harbor;2735.87;9.50;761.74;-3.61;4838
13;floating_harbor;2723.00;9.50;760.00;-3.14;5383
13;floating_harbor;2751.30;9.50;763.21;-3.39;5487
13;floating_harbor;2735.20;9.50;764.40;-2.50;8756
163;floating_harbor;2509.00;9.50;731.00;-3.14;6016
163;floating_harbor;2529.00;9.50;741.00;-1.57;6017
163;floating_harbor;2539.00;9.50;733.00;-2.65;6021
850;floating_harbor;2500.00;9.50;723.00;-2.11;5997
850;floating_harbor;2500.00;9.50;723.00;-2.82;6293