2 11 5731 2189 2406 6223 2073 1982 1956 2449 5762 3540 2414 
2 2 2041 1956 
2 10 5731 2422 5717 2376 1618 5265 2311 2232 3676 3432 
1 6 1730 2339 1807 2121 2422 5731 
1 6 1956 1788 2365 2366 2035 1730 
1 8 2414 3532 5761 5760 2364 2420 2001 2365 
2 2 3432 2203 
1 6 2601 2600 1677 1777 2561 1707 
1 5 1707 2493 2251 2443 2406 
1 5 5731 1587 2465 6225 2522 
1 2 1787 1777 
2 10 5731 3533 2367 5727 5722 3526 5710 5708 3507 3498 
1 2 2176 2203 
1 2 2176 2162 
1 6 2176 5693 5694 5696 3428 3433 
1 8 3432 3478 3481 3479 3480 3482 3487 3498 
1 3 6225 5612 2528 
1 4 2528 2544 1628 2601 
2 8 5722 3531 5728 5729 3442 5724 6464 5719 
2 5 6464 5732 5735 5737 2456 
2 4 6468 5725 2394 5719 
1 2 3443 5725 
2 3 3443 5733 5736 
2 4 5719 5720 3441 5715 
1 6 5715 2377 3525 3521 3520 5710 
1 5 3484 3489 5705 5706 3521 
1 8 5731 3533 3528 3517 3519 3513 2314 3498 
1 4 3517 2256 3496 2311 
1 7 2232 5245 6397 5698 5689 5695 2161 
2 4 2161 3431 6396 2232 
1 2 3430 3431 
2 4 2161 3473 5686 2104 
1 2 3473 2162 
1 3 5698 3477 3475 
1 5 3432 3434 5697 3479 3480 
2 4 5719 3522 3516 2316 
1 10 3516 2304 3437 3501 3440 2271 3439 5703 5702 3438 
2 7 3516 3515 3510 2384 2315 3509 5704 
1 2 3506 3510 
1 2 2304 3504 
1 3 2296 2317 2315 
1 6 5704 3491 2278 5699 2270 3484 
1 4 5706 3508 3500 3509 
1 5 2315 5707 3518 5711 5715 
1 3 3516 3511 3501 
1 3 3489 3502 3498 
1 5 1730 6220 6219 6222 2073 
1 5 2041 5742 2472 1675 1707 
1 6 2041 5764 2010 5763 3543 2414 
1 5 3498 3495 3486 2233 3479 
1 3 6247 6253 2685 
1 3 6247 6243 2528 
1 3 2614 6254 6257 
1 4 2614 6240 2578 6232 
1 4 6240 5617 6230 2528 
1 6 5722 3529 2454 3542 3545 6225 
1 4 2522 5611 2455 2456 
1 3 6247 2621 2614 
1 8 2456 2513 2526 5616 2578 6244 2643 3690 
1 3 6232 5614 2513 
1 2 5617 2526 
1 3 2456 5739 5736 
2 6 5736 2694 2741 2495 6233 2573 
1 4 6232 5613 2741 2495 
1 4 2578 2847 2875 2495 
1 2 6257 8046 
1 2 3690 6257 
2 5 2573 2632 2602 2273 3780 
2 3 3780 3782 3781 
1 6 8046 2731 2701 5630 2645 2632 
1 8 2645 2714 5518 3789 3788 3784 2689 3781 
1 4 2104 5226 5687 3475 
2 3 2104 3471 3469 
1 6 2104 5685 3468 3467 3465 2014 
2 5 5927 3466 3464 5682 2014 
1 3 5927 3466 3469 
1 2 2014 3462 
1 4 2014 5679 3425 3424 
1 3 2014 3463 3461 
1 5 3467 2072 5683 5681 3462 
1 2 3469 3467 
2 5 5687 5688 2193 5695 2161 
1 4 5687 2139 3472 3469 
1 6 2035 2303 5262 5247 5241 3475 
2 2 5927 2078 
1 2 2103 5220 
2 7 5220 5224 5225 5229 2147 5222 5687 
2 3 5222 3909 5157 
2 3 2078 5154 5152 
2 8 5220 2132 5230 5223 2112 5165 5168 4850 
2 7 2103 5211 5215 5156 3908 5157 2078 
1 8 3644 5180 2300 2217 5173 5170 5166 4850 
1 9 2001 5267 5263 5257 2248 5246 5238 5228 5220 
1 7 5257 5266 5260 5270 2301 5179 3644 
1 7 5260 5248 2218 5172 2198 5171 5168 
2 6 5152 3427 5141 1987 5121 3896 
1 2 5121 1924 
1 3 1987 3901 5117 
1 3 3896 1884 5104 
1 2 3896 5106 
2 5 3427 3426 5145 8288 1948 
2 4 1948 3900 8284 3421 
2 4 1948 8283 8278 3895 
1 4 3421 8280 8278 3895 
1 6 5138 2007 2061 5206 5210 2103 
1 6 1948 5137 5142 8290 2061 5206 
2 2 3900 5129 
1 6 5146 2059 5200 2113 5221 5230 
1 12 5129 3904 5138 3907 5146 1997 3906 5198 5153 2111 5163 4850 
1 5 5106 5102 3893 5191 1782 
2 7 5129 3898 1894 5373 5372 5445 5441 
1 8 1894 3902 5456 5131 5134 1920 3905 5124 
1 2 3905 1986 
1 4 5444 5097 5098 1843 
1 4 5444 4982 5440 5370 
2 4 5370 1813 5442 5441 
1 4 5372 5452 1883 5451 
2 6 5441 5369 5360 1695 5353 5427 
2 4 5427 5428 5183 1696 
1 2 1696 5185 
1 2 1696 5184 
1 3 5183 5182 1695 
1 4 5441 5190 1755 5192 
1 3 1755 5188 5187 
1 3 5196 1830 5192 
1 8 5427 5608 5351 5350 1694 5349 5348 5607 
1 3 5370 5368 5361 
1 3 5361 5357 5350 
1 3 5361 5356 5348 
1 3 5354 5355 5359 
1 10 5355 4971 5431 5434 5433 5432 1762 5437 5438 4982 
2 3 5103 5096 1842 
1 5 2495 5503 5507 2656 2645 
2 9 3781 3783 5516 3786 2739 2710 5624 2634 5505 
1 5 7659 5122 5115 5116 1843 
2 3 5082 1781 1842 
1 3 5148 5155 2053 
1 4 5155 5159 2058 5153 
2 2 5103 3928 
1 3 1986 8187 5153 
1 2 5082 5434 
1 5 5122 5128 5130 5125 5124 
2 4 5339 1597 2340 5335 
2 5 5339 1577 5337 1507 5599 
1 4 5339 5424 2280 5608 
2 4 5335 5604 5605 5427 
1 3 5335 5330 5419 
2 3 5339 5413 5322 
1 6 5335 5328 1494 5325 5409 1449 
1 3 5322 5407 1449 
1 4 1449 5406 5410 5408 
1 4 5410 1495 5326 5327 
1 5 5419 5421 5423 5425 5428 
2 6 5339 5341 5338 2219 1586 5601 
1 2 5607 2219 
1 4 5601 5415 5600 5596 
1 2 5596 1540 
1 5 1540 5602 1585 3824 1647 
2 2 1647 3821 
2 4 1647 3834 3836 1648 
2 9 5339 1577 5334 5411 5405 5318 5310 1448 1373 
2 6 5596 1488 5319 5309 1447 1373 
1 4 5305 5309 2200 5599 
2 3 1373 5301 5589 
2 3 1373 5592 5399 
1 4 5399 5400 5401 5396 
1 3 5399 5397 1346 
2 6 1256 5287 5290 5395 5586 5589 
2 4 5596 5499 5317 5308 
2 5 5308 1301 1341 1690 1737 
1 3 1737 1705 5404 
2 9 1657 5280 1174 5283 5285 1229 1805 1228 1737 
2 6 5589 5296 5293 5292 5291 1805 
1 2 1301 1327 
1 4 5386 5582 1112 1215 
1 3 5582 5279 1657 
1 3 1757 5390 1215 
1 2 1757 5584 
1 4 1757 1758 5388 5581 
1 3 1757 2810 1147 
2 3 1757 5392 1805 
1 7 5386 5385 1081 5580 2822 1635 5581 
1 4 1017 6452 1104 1635 
1 2 5584 2687 
2 7 1017 5485 5576 1028 5275 1022 5274 
1 5 1022 5277 5278 1756 5386 
2 7 5383 4838 5487 1069 1012 5484 1017 
1 2 1028 2822 
2 12 701 3460 767 822 2213 2272 5478 5479 5480 5483 5381 1022 
1 2 5381 5482 
1 3 928 5379 5381 
1 5 720 5477 5572 5573 5376 
2 3 851 5376 5479 
2 3 2078 5158 3469 
1 3 5146 4991 5456 
1 3 5451 5450 5444 
1 5 1842 5091 5089 5085 5437 
1 7 1648 5430 1692 5429 5432 1762 5437 
1 3 5124 5112 5450 
2 5 5122 5115 1899 5100 1842 
