1 86 
1 173 
1 193 
1 194 
1 363 
1 412 
1 547 
1 694 
1 697 
1 701 
1 720 
1 851 
1 916 
1 929 
1 963 
1 976 
1 1002 
1 1003 
1 1017 
1 1022 
1 1059 
1 1082 
1 1103 
1 1130 
1 1170 
1 1173 
1 1179 
1 1194 
1 1256 
1 1262 
1 1275 
1 1316 
1 1318 
1 1346 
1 1373 
1 1406 
1 1424 
1 1433 
1 1457 
1 1515 
1 1533 
1 1540 
1 1591 
1 1610 
1 1620 
1 1696 
1 1707 
1 1730 
1 1735 
1 1757 
1 1779 
1 1782 
1 1811 
1 1819 
1 1834 
1 1835 
1 1842 
1 1850 
1 1851 
1 1875 
1 1894 
1 1898 
1 1904 
1 1924 
1 1948 
1 1959 
1 1986 
1 1990 
1 2012 
1 2014 
1 2036 
1 2041 
1 2073 
1 2078 
1 2096 
1 2103 
1 2161 
1 2162 
1 2176 
1 2201 
1 2203 
1 2227 
1 2238 
1 2264 
1 2283 
1 2296 
1 2298 
1 2316 
1 2361 
1 2414 
1 2456 
1 2495 
1 2522 
1 2528 
1 2563 
1 2578 
1 2580 
1 2645 
1 2659 
1 2700 
1 2725 
1 2754 
1 2761 
1 2765 
1 2817 
1 2836 
1 2860 
1 2866 
1 2870 
1 2927 
1 2933 
1 3006 
1 3086 
1 3088 
1 3364 
1 3411 
1 3421 
1 3426 
1 3427 
1 3432 
1 3433 
1 3434 
1 3438 
1 3443 
1 3469 
1 3475 
1 3482 
1 3484 
1 3498 
1 3501 
1 3506 
1 3509 
1 3517 
1 3520 
1 3552 
1 3644 
1 3677 
1 3737 
1 3770 
1 3780 
1 3781 
1 3804 
1 3811 
1 3821 
1 3835 
1 3836 
1 3895 
1 3913 
1 3916 
1 3936 
1 3947 
1 3963 
1 3990 
1 4569 
1 4571 
1 4846 
1 4849 
1 4850 
1 4864 
1 4865 
1 4866 
1 4870 
1 4885 
1 4927 
1 4928 
1 4955 
1 4983 
1 4991 
1 5005 
1 5106 
1 5117 
1 5122 
1 5129 
1 5146 
1 5153 
1 5185 
1 5192 
1 5230 
1 5245 
1 5260 
1 5308 
1 5310 
1 5335 
1 5339 
1 5350 
1 5359 
1 5383 
1 5386 
1 5404 
1 5410 
1 5437 
1 5441 
1 5444 
1 5451 
1 5479 
1 5596 
1 5601 
1 5664 
1 5715 
1 5722 
1 5731 
1 5732 
1 5736 
1 5774 
1 5782 
1 5825 
1 5829 
1 5832 
1 5842 
1 5927 
1 5936 
1 5960 
1 5968 
1 5978 
1 5994 
1 6113 
1 6119 
1 6134 
1 6141 
1 6179 
1 6193 
1 6199 
1 6217 
1 6257 
1 6292 
1 6296 
1 6301 
1 6313 
1 6326 
1 6458 
1 6533 
1 6540 
1 6552 
1 6575 
1 6576 
1 6583 
1 6614 
1 7455 
1 7490 
1 7496 
1 7497 
1 7541 
1 7591 
1 7628 
1 7670 
1 7674 
1 7675 
1 7714 
1 7721 
1 7761 
1 7775 
1 7802 
1 7803 
1 7814 
1 7817 
1 7870 
1 7873 
1 7929 
1 7979 
1 8013 
1 8016 
1 8024 
1 8092 
1 8104 
1 8124 
1 8134 
1 8139 
1 8143 
1 8158 
1 8169 
1 8231 
1 8235 
1 8245 
1 8300 
1 8302 
1 8319 
1 8331 
