
state={
	id=461
	name="STATE_461"

	history={
		owner = PNT
		buildings = {
			infrastructure = 1
			3378 = {
				naval_base = 1

			}
			3405 = {
				naval_base = 1

			}

		}
		add_core_of = PNT

	}

	provinces={
		2534 2625 2637 2846 2854 2859 2908 2943 2956 2957 3036 3040 3046 3050 3072 3261 3277 3279 3280 3281 3292 3297 3321 3365 3378 3405 3409 6617 6620 6623 6624 6625 6630 6631 6635 6636 6637 6638 6642 6644 6645 6646 6648 6650 6653 6654 6659 6661 6662 6663 6665 6667 6669 6671 6672 6673 6674 6675 6678 6685 6686 6687 6689 6690 6704 6714 6725 6729 6732 6736 6737 6740 6743 6747 6749 6750 6752 6756 6757 6758 6766 6783 6784 6785 6786 6787 6819 6820 6822 6823 6824 
	}
	manpower=120
	buildings_max_level_factor=1.000
	state_category=rural
}
