
state={
	id=492
	name="STATE_492"

	history={
		owner = GRE
		add_core_of = GRE

	}

	provinces={
		2318 2591 6984 6985 6986 6987 6988 6989 6990 6991 6992 6993 6994 6995 6996 6997 6998 6999 7000 7001 7002 7003 7004 7005 7006 7007 7008 7009 7010 7011 7012 7013 7014 7015 7016 7017 7018 7019 7020 7021 7022 7023 7024 7025 7026 7027 7028 7029 7030 7031 7032 7033 7034 7035 7036 7037 7038 7039 7040 7041 7042 7043 7044 7045 7046 7047 7048 7049 7050 7051 7052 7053 7054 7055 7056 7057 7058 7059 7060 7061 7063 7064 7065 7066 7067 7068 7069 7072 7073 7074 7075 7077 7080 
	}
	manpower=10
	buildings_max_level_factor=1.000
	state_category=wasteland
}
