
state={
	id=500
	name="STATE_500"

	history={
		owner = PNT
		buildings = {
			infrastructure = 1

		}
		add_core_of = PNT

	}

	provinces={
		1066 2486 2503 2508 2893 3333 3334 3339 3344 3353 3357 3417 6287 6619 6626 6634 6639 6643 6700 6709 6710 6720 6727 6848 7385 7387 7389 7390 7391 7392 7393 7395 7397 7398 7400 7402 7403 7405 7407 7408 7409 7410 7411 7412 7413 7414 7415 7416 7417 7418 7419 7420 7421 7422 7423 7424 7425 7426 7427 7428 7429 
	}
	manpower=550
	buildings_max_level_factor=1.000
	state_category=rural
}
