
state={
	id=644
	name="STATE_644"

	history={
		owner = GRE
		add_core_of = GRE

	}

	provinces={
		702 6698 6794 6795 6798 6800 6801 6802 6804 6805 6806 6808 6809 6812 6813 6817 6818 6821 6825 6826 6827 6828 6829 6830 6831 6832 6833 6834 6835 6836 6837 6838 6839 6840 6841 6842 6843 6844 6845 6846 6847 6849 6850 6852 6853 6890 6891 6892 6893 6894 6895 6896 6897 6898 6899 6900 6901 6902 6903 6904 6905 6906 6907 6908 6909 6910 6911 6912 6913 6914 6915 6916 6917 6918 6919 6920 6921 
	}
	manpower=10
	buildings_max_level_factor=1.000
	state_category=pastoral
}
