
state={
	id=645
	name="STATE_645"

	history={
		owner = GRE
		add_core_of = GRE

	}

	provinces={
		1283 1295 1296 1306 1307 1430 1562 1572 1664 1708 1722 1800 1838 1845 1930 1931 1979 1980 1981 2000 2017 2034 2048 2049 2050 2108 2122 2179 2207 2397 2430 2470 2471 2515 2619 2807 2906 5659 5660 6515 6853 6854 6855 6856 6857 6858 6859 6860 6861 6862 6863 6864 6865 6866 6867 6868 6869 6870 6871 6872 6873 6874 6875 6876 6877 6878 6879 6880 6881 6882 6883 6884 6885 6886 6887 6888 
	}
	manpower=10
	buildings_max_level_factor=1.000
	state_category=wasteland
}
