
strategic_region={
	id=42
	name="STRATEGICREGION_42"
	provinces={
		318 328 337 348 354 355 357 379 380 389 399 407 416 417 421 428 444 449 453 455 470 475 483 514 527 532 535 564 577 588 599 608 617 620 633 634 643 668 680 685 686 700 707 708 727 750 775 776 777 778 791 821 842 847 850 869 874 879 900 933 934 938 946 947 1027 1044 1045 1048 1089 1152 4078 4079 4080 4081 4082 4083 4084 4085 4086 4087 4088 4098 4099 4103 4109 4289 4290 4293 4294 4296 4301 4302 4303 4304 4305 4306 4307 4308 4309 4310 4314 4316 4318 4319 4322 4323 4325 4329 4330 4333 4334 4336 4337 4338 4339 4342 4344 4345 4348 4351 4352 4353 4356 4419 4420 4422 4423 4425 4426 4427 4429 4430 4432 4433 4435 4436 4438 4439 4442 4443 4444 4445 4446 4447 4449 4450 4451 4452 4456 4457 4458 4460 4461 4462 4464 4465 4468 4469 4470 4472 4474 4475 4477 4478 4481 4483 4485 4486 4487 4490 4491 4492 4493 4494 4495 4496 4497 4498 4499 4500 4524 4525 4526 4527 4528 4530 4532 4533 4534 4537 4540 4542 4688 4689 4691 4692 4693 4694 4695 4696 4697 4698 4699 4700 4701 4702 4703 4704 4708 4709 4710 4711 4713 4714 4716 4719 4723 4728 4815 4817 4818 4819 4820 4821 4822 4823 4824 4825 4826 4827 4828 4829 4830 4831 4832 4833 4834 4835 4836 
	}
	weather={
	}
}
